-198.28  0.003
-197.00  0.002
-195.71  0.004
-194.42  0.001
-193.13  0.004
-191.84  0.006
-190.55  0.006
-189.27  0.007
-187.98  0.008
-186.69  0.009
-185.40  0.009
-184.11  0.012
-182.83  0.009
-181.54  0.009
-180.25  0.009
-178.96  0.010
-177.67  0.011
-176.38  0.009
-175.10  0.010
-173.81  0.008
-172.52  0.007
-171.23  0.007
-169.94  0.010
-168.66  0.009
-167.37  0.005
-166.08  0.003
-164.79  0.004
-163.50  0.002
-162.21  0.004
-160.93  0.004
-159.64 -0.001
-158.35  0.002
-157.06 -0.000
-155.77  0.002
-154.48  0.006
-153.20  0.007
-151.91  0.008
-150.62  0.009
-149.33  0.012
-148.04  0.013
-146.76  0.017
-145.47  0.022
-144.18  0.023
-142.89  0.024
-141.60  0.029
-140.31  0.034
-139.03  0.043
-137.74  0.049
-136.45  0.060
-135.16  0.078
-133.87  0.099
-132.59  0.119
-131.30  0.147
-130.01  0.171
-128.72  0.194
-127.43  0.224
-126.14  0.262
-124.86  0.311
-123.57  0.378
-122.28  0.464
-120.99  0.566
-119.70  0.681
-118.41  0.798
-117.13  0.931
-115.84  1.116
-114.55  1.344
-113.26  1.574
-111.97  1.891
-110.69  2.269
-109.40  2.641
-108.11  2.977
-106.82  3.259
-105.53  3.469
-104.24  3.604
-102.96  3.638
-101.67  3.620
-100.38  3.581
-99.09  3.555
-97.80  3.580
-96.52  3.660
-95.23  3.827
-93.94  4.080
-92.65  4.432
-91.36  4.910
-90.07  5.505
-88.79  6.189
-87.50  6.939
-86.21  7.713
-84.92  8.527
-83.63  9.389
-82.34 10.395
-81.06 11.576
-79.77 12.871
-78.48 14.305
-77.19 15.772
-75.90 17.205
-74.62 18.524
-73.33 19.576
-72.04 20.425
-70.75 20.972
-69.46 21.272
-68.17 21.248
-66.89 20.936
-65.60 20.449
-64.31 19.810
-63.02 18.996
-61.73 18.075
-60.45 17.058
-59.16 15.993
-57.87 14.873
-56.58 13.755
-55.29 12.650
-54.00 11.628
-52.72 10.723
-51.43  9.931
-50.14  9.276
-48.85  8.699
-47.56  8.242
-46.27  7.908
-44.99  7.689
-43.70  7.569
-42.41  7.508
-41.12  7.474
-39.83  7.453
-38.55  7.449
-37.26  7.505
-35.97  7.691
-34.68  8.069
-33.39  8.654
-32.10  9.351
-30.82 10.102
-29.53 10.826
-28.24 11.509
-26.95 12.079
-25.66 12.560
-24.38 12.989
-23.09 13.411
-21.80 13.837
-20.51 14.359
-19.22 15.015
-17.93 15.836
-16.65 16.781
-15.36 17.798
-14.07 18.842
-12.78 20.071
-11.49 21.571
-10.20 23.436
 -8.92 25.662
 -7.63 28.402
 -6.34 31.581
 -5.05 35.295
 -3.76 39.431
 -2.48 43.928
 -1.19 48.790
  0.10 53.887
  1.39 58.884
  2.68 63.644
  3.97 68.219
  5.25 72.206
  6.54 74.837
  7.83 75.691
  9.12 74.492
 10.41 71.267
 11.69 66.249
 12.98 60.262
 14.27 53.946
 15.56 47.759
 16.85 41.987
 18.14 36.833
 19.42 32.300
 20.71 28.354
 22.00 24.913
 23.29 21.851
 24.58 19.083
 25.87 16.547
 27.15 14.245
 28.44 12.112
 29.73 10.193
 31.02  8.485
 32.31  7.017
 33.59  5.812
 34.88  4.864
 36.17  4.088
 37.46  3.459
 38.75  2.928
 40.04  2.472
 41.32  2.072
 42.61  1.718
 43.90  1.405
 45.19  1.130
 46.48  0.907
 47.76  0.730
 49.05  0.596
 50.34  0.486
 51.63  0.402
 52.92  0.335
 54.21  0.281
 55.49  0.237
 56.78  0.201
 58.07  0.171
 59.36  0.147
 60.65  0.126
 61.94  0.108
 63.22  0.094
 64.51  0.080
 65.80  0.068
 67.09  0.060
 68.38  0.049
 69.66  0.042
 70.95  0.034
 72.24  0.030
 73.53  0.028
 74.82  0.024
 76.11  0.020
 77.39  0.014
 78.68  0.013
 79.97  0.012
 81.26  0.010
 82.55  0.010
 83.83  0.013
 85.12  0.014
 86.41  0.011
 87.70  0.009
 88.99  0.008
 90.28  0.009
 91.56  0.015
 92.85  0.021
 94.14  0.020
 95.43  0.018
 96.72  0.015
 98.01  0.014
 99.29  0.014
100.58  0.016
101.87  0.014
103.16  0.011
104.45  0.013
105.73  0.011
107.02  0.009
108.31  0.010
109.60  0.010
110.89  0.008
112.18  0.007
113.46  0.008
114.75  0.009
116.04  0.009
117.33  0.006
118.62  0.008
119.90  0.006
121.19  0.006
122.48  0.007
123.77  0.007
125.06  0.003
126.35  0.000
127.63  0.001
128.92  0.001
130.21  0.001
131.50  0.001
132.79  0.001
134.08 -0.001
135.36 -0.002
136.65 -0.003
137.94 -0.001
139.23 -0.002
140.52 -0.003
141.80  0.000
143.09  0.000
144.38  0.001
145.67 -0.000
146.96 -0.001
148.25  0.005
149.53  0.003
150.82  0.002
152.11  0.002
153.40  0.000
154.69 -0.001
155.97  0.001
157.26 -0.004
158.55 -0.002
159.84 -0.004
161.13 -0.002
162.42 -0.000
163.70 -0.001
164.99 -0.004
166.28 -0.002
167.57 -0.001
168.86 -0.001
170.15 -0.003
171.43 -0.005
172.72 -0.003
174.01 -0.001
175.30 -0.003
176.59 -0.005
177.87 -0.002
179.16 -0.004
180.45 -0.006
181.74 -0.005
183.03 -0.002
184.32 -0.003
185.60 -0.005
186.89 -0.004
188.18 -0.005
189.47 -0.003
190.76 -0.002
192.04 -0.002
193.33 -0.002
194.62 -0.003
195.91 -0.003
197.20 -0.000
198.49  0.000
199.77 -0.005
