-198.28  0.001
-197.00  0.001
-195.71  0.002
-194.42  0.001
-193.13  0.001
-191.84  0.002
-190.55  0.002
-189.27  0.002
-187.98  0.002
-186.69  0.005
-185.40  0.004
-184.11  0.002
-182.83  0.001
-181.54  0.002
-180.25  0.002
-178.96  0.002
-177.67  0.002
-176.38  0.001
-175.10  0.002
-173.81  0.003
-172.52  0.003
-171.23  0.002
-169.94  0.002
-168.66  0.002
-167.37  0.003
-166.08  0.002
-164.79  0.003
-163.50  0.004
-162.21  0.003
-160.93  0.005
-159.64  0.006
-158.35  0.006
-157.06  0.004
-155.77  0.003
-154.48  0.004
-153.20  0.004
-151.91  0.004
-150.62  0.004
-149.33  0.005
-148.04  0.004
-146.76  0.003
-145.47  0.004
-144.18  0.004
-142.89  0.004
-141.60  0.005
-140.31  0.005
-139.03  0.005
-137.74  0.004
-136.45  0.004
-135.16  0.004
-133.87  0.005
-132.59  0.005
-131.30  0.004
-130.01  0.004
-128.72  0.004
-127.43  0.003
-126.14  0.003
-124.86  0.003
-123.57  0.002
-122.28  0.003
-120.99  0.003
-119.70  0.002
-118.41  0.001
-117.13  0.000
-115.84  0.000
-114.55  0.002
-113.26  0.002
-111.97  0.001
-110.69  0.000
-109.40  0.001
-108.11  0.000
-106.82 -0.001
-105.53  0.001
-104.24  0.001
-102.96  0.001
-101.67  0.002
-100.38  0.000
-99.09  0.001
-97.80  0.002
-96.52  0.001
-95.23  0.001
-93.94  0.001
-92.65  0.002
-91.36  0.003
-90.07  0.001
-88.79  0.002
-87.50  0.002
-86.21  0.002
-84.92  0.002
-83.63  0.002
-82.34  0.003
-81.06  0.004
-79.77  0.004
-78.48  0.004
-77.19  0.005
-75.90  0.004
-74.62  0.005
-73.33  0.006
-72.04  0.007
-70.75  0.007
-69.46  0.008
-68.17  0.008
-66.89  0.008
-65.60  0.009
-64.31  0.010
-63.02  0.012
-61.73  0.013
-60.45  0.015
-59.16  0.018
-57.87  0.020
-56.58  0.026
-55.29  0.030
-54.00  0.035
-52.72  0.040
-51.43  0.046
-50.14  0.051
-48.85  0.055
-47.56  0.060
-46.27  0.067
-44.99  0.074
-43.70  0.083
-42.41  0.094
-41.12  0.107
-39.83  0.123
-38.55  0.144
-37.26  0.166
-35.97  0.192
-34.68  0.229
-33.39  0.280
-32.10  0.337
-30.82  0.409
-29.53  0.493
-28.24  0.598
-26.95  0.727
-25.66  0.892
-24.38  1.098
-23.09  1.361
-21.80  1.698
-20.51  2.116
-19.22  2.655
-17.93  3.339
-16.65  4.238
-15.36  5.424
-14.07  7.016
-12.78  9.201
-11.49 12.063
-10.20 15.811
 -8.92 20.431
 -7.63 26.064
 -6.34 32.490
 -5.05 39.537
 -3.76 46.836
 -2.48 54.270
 -1.19 60.759
  0.10 65.968
  1.39 69.700
  2.68 71.250
  3.97 70.686
  5.25 68.101
  6.54 64.077
  7.83 59.158
  9.12 53.869
 10.41 47.813
 11.69 41.608
 12.98 35.863
 14.27 31.248
 15.56 27.556
 16.85 24.688
 18.14 22.479
 19.42 20.728
 20.71 19.365
 22.00 18.229
 23.29 17.274
 24.58 16.420
 25.87 15.636
 27.15 14.976
 28.44 14.506
 29.73 14.207
 31.02 14.032
 32.31 13.964
 33.59 14.002
 34.88 14.145
 36.17 14.362
 37.46 14.594
 38.75 14.800
 40.04 14.993
 41.32 15.102
 42.61 15.044
 43.90 14.803
 45.19 14.435
 46.48 14.057
 47.76 13.749
 49.05 13.572
 50.34 13.562
 51.63 13.749
 52.92 14.096
 54.21 14.539
 55.49 14.995
 56.78 15.399
 58.07 15.672
 59.36 15.739
 60.65 15.543
 61.94 15.116
 63.22 14.492
 64.51 13.748
 65.80 12.985
 67.09 12.372
 68.38 11.972
 69.66 11.772
 70.95 11.734
 72.24 11.813
 73.53 11.967
 74.82 12.094
 76.11 12.091
 77.39 11.952
 78.68 11.699
 79.97 11.404
 81.26 11.122
 82.55 10.910
 83.83 10.743
 85.12 10.573
 86.41 10.345
 87.70 10.068
 88.99  9.764
 90.28  9.468
 91.56  9.249
 92.85  9.137
 94.14  9.156
 95.43  9.305
 96.72  9.572
 98.01  9.910
 99.29 10.262
100.58 10.591
101.87 10.865
103.16 11.039
104.45 11.087
105.73 11.003
107.02 10.768
108.31 10.405
109.60  9.973
110.89  9.533
112.18  9.114
113.46  8.751
114.75  8.504
116.04  8.342
117.33  8.272
118.62  8.218
119.90  8.010
121.19  7.555
122.48  6.860
123.77  6.027
125.06  5.140
126.35  4.341
127.63  3.648
128.92  3.079
130.21  2.623
131.50  2.262
132.79  1.976
134.08  1.748
135.36  1.571
136.65  1.427
137.94  1.307
139.23  1.200
140.52  1.101
141.80  1.005
143.09  0.913
144.38  0.827
145.67  0.743
146.96  0.667
148.25  0.595
149.53  0.530
150.82  0.468
152.11  0.413
153.40  0.360
154.69  0.311
155.97  0.269
157.26  0.230
158.55  0.197
159.84  0.167
161.13  0.145
162.42  0.123
163.70  0.106
164.99  0.092
166.28  0.078
167.57  0.069
168.86  0.061
170.15  0.052
171.43  0.048
172.72  0.042
174.01  0.036
175.30  0.031
176.59  0.028
177.87  0.024
179.16  0.022
180.45  0.018
181.74  0.017
183.03  0.015
184.32  0.014
185.60  0.012
186.89  0.011
188.18  0.011
189.47  0.008
190.76  0.008
192.04  0.007
193.33  0.005
194.62  0.006
195.91  0.005
197.20  0.003
198.49  0.003
199.77  0.005
