-198.28  0.003
-197.00  0.004
-195.71  0.002
-194.42  0.001
-193.13  0.001
-191.84  0.002
-190.55  0.002
-189.27 -0.002
-187.98  0.001
-186.69  0.004
-185.40 -0.002
-184.11 -0.001
-182.83 -0.001
-181.54 -0.001
-180.25 -0.003
-178.96 -0.002
-177.67 -0.001
-176.38 -0.000
-175.10 -0.001
-173.81 -0.003
-172.52 -0.003
-171.23  0.001
-169.94 -0.001
-168.66 -0.002
-167.37 -0.002
-166.08 -0.003
-164.79 -0.003
-163.50 -0.002
-162.21 -0.001
-160.93  0.001
-159.64  0.001
-158.35  0.003
-157.06  0.003
-155.77  0.001
-154.48 -0.000
-153.20  0.005
-151.91  0.006
-150.62  0.001
-149.33  0.002
-148.04 -0.001
-146.76  0.000
-145.47  0.003
-144.18 -0.000
-142.89 -0.000
-141.60 -0.000
-140.31  0.002
-139.03  0.000
-137.74 -0.001
-136.45  0.001
-135.16 -0.001
-133.87  0.002
-132.59  0.001
-131.30  0.003
-130.01  0.004
-128.72  0.002
-127.43  0.003
-126.14  0.003
-124.86  0.004
-123.57  0.010
-122.28  0.010
-120.99  0.013
-119.70  0.017
-118.41  0.028
-117.13  0.037
-115.84  0.043
-114.55  0.051
-113.26  0.060
-111.97  0.073
-110.69  0.103
-109.40  0.118
-108.11  0.140
-106.82  0.162
-105.53  0.194
-104.24  0.229
-102.96  0.276
-101.67  0.340
-100.38  0.416
-99.09  0.509
-97.80  0.650
-96.52  0.828
-95.23  1.041
-93.94  1.288
-92.65  1.532
-91.36  1.756
-90.07  1.987
-88.79  2.220
-87.50  2.416
-86.21  2.582
-84.92  2.756
-83.63  3.000
-82.34  3.290
-81.06  3.601
-79.77  3.981
-78.48  4.401
-77.19  4.824
-75.90  5.235
-74.62  5.654
-73.33  6.075
-72.04  6.484
-70.75  6.894
-69.46  7.333
-68.17  7.866
-66.89  8.448
-65.60  9.076
-64.31  9.763
-63.02 10.466
-61.73 11.112
-60.45 11.707
-59.16 12.227
-57.87 12.635
-56.58 12.972
-55.29 13.166
-54.00 13.260
-52.72 13.268
-51.43 13.162
-50.14 13.006
-48.85 12.778
-47.56 12.406
-46.27 12.054
-44.99 11.722
-43.70 11.336
-42.41 10.934
-41.12 10.437
-39.83  9.953
-38.55  9.471
-37.26  8.984
-35.97  8.484
-34.68  7.994
-33.39  7.533
-32.10  7.091
-30.82  6.650
-29.53  6.201
-28.24  5.777
-26.95  5.367
-25.66  4.990
-24.38  4.704
-23.09  4.509
-21.80  4.408
-20.51  4.390
-19.22  4.448
-17.93  4.561
-16.65  4.728
-15.36  4.938
-14.07  5.209
-12.78  5.563
-11.49  5.979
-10.20  6.509
 -8.92  7.139
 -7.63  7.965
 -6.34  9.041
 -5.05 10.497
 -3.76 12.589
 -2.48 15.637
 -1.19 20.018
  0.10 25.833
  1.39 32.429
  2.68 38.888
  3.97 44.940
  5.25 49.931
  6.54 52.935
  7.83 53.357
  9.12 51.381
 10.41 48.262
 11.69 45.420
 12.98 42.912
 14.27 40.701
 15.56 39.132
 16.85 38.537
 18.14 38.492
 19.42 38.601
 20.71 38.784
 22.00 38.617
 23.29 37.932
 24.58 36.824
 25.87 35.451
 27.15 34.301
 28.44 33.431
 29.73 32.753
 31.02 32.180
 32.31 31.750
 33.59 31.459
 34.88 31.092
 36.17 30.726
 37.46 30.418
 38.75 30.345
 40.04 30.360
 41.32 30.478
 42.61 30.507
 43.90 30.498
 45.19 30.357
 46.48 30.129
 47.76 29.957
 49.05 29.629
 50.34 29.271
 51.63 28.810
 52.92 28.234
 54.21 27.485
 55.49 26.623
 56.78 25.579
 58.07 24.371
 59.36 23.168
 60.65 21.926
 61.94 20.624
 63.22 19.156
 64.51 17.666
 65.80 16.070
 67.09 14.462
 68.38 12.768
 69.66 11.191
 70.95  9.673
 72.24  8.224
 73.53  6.935
 74.82  5.782
 76.11  4.766
 77.39  3.877
 78.68  3.156
 79.97  2.576
 81.26  2.115
 82.55  1.697
 83.83  1.338
 85.12  1.078
 86.41  0.877
 87.70  0.733
 88.99  0.637
 90.28  0.575
 91.56  0.462
 92.85  0.361
 94.14  0.311
 95.43  0.276
 96.72  0.230
 98.01  0.196
 99.29  0.175
100.58  0.154
101.87  0.137
103.16  0.122
104.45  0.106
105.73  0.096
107.02  0.087
108.31  0.082
109.60  0.072
110.89  0.067
112.18  0.062
113.46  0.064
114.75  0.052
116.04  0.038
117.33  0.036
118.62  0.031
119.90  0.026
121.19  0.025
122.48  0.021
123.77  0.018
125.06  0.017
126.35  0.015
127.63  0.012
128.92  0.010
130.21  0.009
131.50  0.003
132.79  0.001
134.08  0.001
135.36  0.001
136.65  0.001
137.94 -0.000
139.23 -0.001
140.52 -0.002
141.80 -0.001
143.09  0.000
144.38 -0.001
145.67 -0.002
146.96 -0.000
148.25 -0.000
149.53 -0.000
150.82  0.000
152.11 -0.003
153.40 -0.002
154.69 -0.001
155.97 -0.002
157.26 -0.002
158.55  0.000
159.84 -0.001
161.13  0.001
162.42 -0.001
163.70 -0.000
164.99  0.000
166.28 -0.003
167.57 -0.003
168.86 -0.002
170.15 -0.003
171.43 -0.005
172.72 -0.003
174.01 -0.003
175.30 -0.003
176.59 -0.005
177.87 -0.004
179.16 -0.007
180.45 -0.008
181.74 -0.007
183.03 -0.006
184.32 -0.007
185.60 -0.007
186.89 -0.006
188.18 -0.008
189.47 -0.006
190.76 -0.006
192.04 -0.005
193.33 -0.007
194.62 -0.007
195.91 -0.006
197.20 -0.004
198.49 -0.007
199.77 -0.006
