-198.28 -0.002
-197.00 -0.002
-195.71 -0.003
-194.42  0.001
-193.13  0.004
-191.84  0.001
-190.55  0.002
-189.27  0.001
-187.98  0.001
-186.69  0.002
-185.40  0.001
-184.11  0.000
-182.83 -0.002
-181.54 -0.000
-180.25 -0.001
-178.96  0.001
-177.67  0.002
-176.38  0.006
-175.10  0.003
-173.81  0.003
-172.52  0.003
-171.23  0.006
-169.94  0.007
-168.66  0.010
-167.37  0.010
-166.08  0.007
-164.79  0.011
-163.50  0.012
-162.21  0.013
-160.93  0.016
-159.64  0.022
-158.35  0.025
-157.06  0.030
-155.77  0.038
-154.48  0.050
-153.20  0.062
-151.91  0.069
-150.62  0.085
-149.33  0.106
-148.04  0.121
-146.76  0.146
-145.47  0.174
-144.18  0.204
-142.89  0.238
-141.60  0.277
-140.31  0.315
-139.03  0.358
-137.74  0.402
-136.45  0.466
-135.16  0.524
-133.87  0.592
-132.59  0.639
-131.30  0.715
-130.01  0.804
-128.72  0.886
-127.43  0.989
-126.14  1.102
-124.86  1.223
-123.57  1.343
-122.28  1.525
-120.99  1.761
-119.70  2.037
-118.41  2.373
-117.13  2.781
-115.84  3.241
-114.55  3.693
-113.26  4.093
-111.97  4.449
-110.69  4.773
-109.40  5.069
-108.11  5.405
-106.82  5.779
-105.53  6.281
-104.24  6.914
-102.96  7.715
-101.67  8.744
-100.38  9.832
-99.09 10.934
-97.80 11.941
-96.52 12.717
-95.23 13.396
-93.94 14.029
-92.65 14.497
-91.36 14.798
-90.07 15.032
-88.79 15.409
-87.50 15.949
-86.21 16.658
-84.92 17.478
-83.63 18.402
-82.34 19.360
-81.06 20.281
-79.77 21.215
-78.48 22.041
-77.19 22.712
-75.90 23.083
-74.62 23.224
-73.33 23.099
-72.04 22.814
-70.75 22.385
-69.46 21.894
-68.17 21.187
-66.89 20.430
-65.60 19.642
-64.31 18.850
-63.02 18.193
-61.73 17.670
-60.45 17.275
-59.16 17.036
-57.87 17.065
-56.58 17.386
-55.29 17.994
-54.00 18.672
-52.72 19.363
-51.43 19.980
-50.14 20.568
-48.85 21.148
-47.56 21.671
-46.27 22.177
-44.99 22.604
-43.70 23.056
-42.41 23.354
-41.12 23.693
-39.83 23.660
-38.55 23.407
-37.26 22.807
-35.97 21.998
-34.68 21.192
-33.39 20.543
-32.10 20.102
-30.82 19.736
-29.53 19.544
-28.24 19.548
-26.95 19.836
-25.66 20.626
-24.38 21.797
-23.09 23.351
-21.80 25.085
-20.51 27.016
-19.22 29.103
-17.93 31.428
-16.65 34.053
-15.36 36.782
-14.07 39.354
-12.78 41.819
-11.49 44.260
-10.20 46.493
 -8.92 48.380
 -7.63 50.455
 -6.34 52.560
 -5.05 54.499
 -3.76 56.057
 -2.48 58.061
 -1.19 60.858
  0.10 63.509
  1.39 64.794
  2.68 64.753
  3.97 63.214
  5.25 59.760
  6.54 54.403
  7.83 47.882
  9.12 40.894
 10.41 33.890
 11.69 27.168
 12.98 21.138
 14.27 16.192
 15.56 12.390
 16.85  9.548
 18.14  7.510
 19.42  5.926
 20.71  4.611
 22.00  3.535
 23.29  2.676
 24.58  2.060
 25.87  1.615
 27.15  1.290
 28.44  1.042
 29.73  0.849
 31.02  0.697
 32.31  0.583
 33.59  0.477
 34.88  0.394
 36.17  0.326
 37.46  0.280
 38.75  0.246
 40.04  0.218
 41.32  0.189
 42.61  0.174
 43.90  0.157
 45.19  0.148
 46.48  0.136
 47.76  0.119
 49.05  0.106
 50.34  0.095
 51.63  0.085
 52.92  0.075
 54.21  0.061
 55.49  0.054
 56.78  0.043
 58.07  0.036
 59.36  0.030
 60.65  0.026
 61.94  0.021
 63.22  0.017
 64.51  0.013
 65.80  0.015
 67.09  0.010
 68.38  0.007
 69.66  0.008
 70.95  0.008
 72.24  0.010
 73.53  0.009
 74.82  0.007
 76.11  0.006
 77.39  0.009
 78.68  0.005
 79.97  0.006
 81.26  0.004
 82.55  0.003
 83.83  0.003
 85.12  0.001
 86.41  0.003
 87.70  0.002
 88.99  0.001
 90.28 -0.003
 91.56  0.001
 92.85 -0.000
 94.14  0.002
 95.43 -0.000
 96.72 -0.000
 98.01 -0.003
 99.29 -0.001
100.58 -0.002
101.87 -0.002
103.16  0.001
104.45 -0.000
105.73  0.001
107.02 -0.002
108.31 -0.001
109.60  0.002
110.89  0.001
112.18  0.004
113.46  0.002
114.75 -0.001
116.04 -0.003
117.33 -0.000
118.62 -0.001
119.90 -0.002
121.19 -0.002
122.48 -0.002
123.77 -0.003
125.06 -0.001
126.35  0.002
127.63  0.002
128.92  0.005
130.21  0.007
131.50  0.004
132.79  0.002
134.08  0.005
135.36  0.003
136.65  0.005
137.94  0.003
139.23  0.004
140.52  0.004
141.80  0.004
143.09  0.004
144.38  0.003
145.67  0.004
146.96  0.002
148.25  0.003
149.53  0.006
150.82  0.003
152.11  0.004
153.40  0.004
154.69  0.005
155.97  0.004
157.26  0.003
158.55  0.002
159.84  0.002
161.13  0.002
162.42 -0.001
163.70  0.000
164.99  0.001
166.28  0.000
167.57  0.003
168.86  0.003
170.15  0.002
171.43  0.002
172.72  0.002
174.01 -0.002
175.30 -0.002
176.59 -0.000
177.87 -0.002
179.16 -0.001
180.45  0.001
181.74  0.004
183.03  0.003
184.32  0.004
185.60  0.001
186.89  0.002
188.18  0.000
189.47  0.000
190.76  0.001
192.04 -0.000
193.33  0.000
194.62  0.003
195.91  0.004
197.20  0.002
198.49  0.000
199.77  0.003
