-198.28  0.000
-197.00  0.002
-195.71 -0.001
-194.42  0.000
-193.13  0.002
-191.84  0.000
-190.55  0.002
-189.27  0.003
-187.98 -0.002
-186.69  0.002
-185.40  0.003
-184.11  0.001
-182.83  0.003
-181.54  0.004
-180.25  0.004
-178.96  0.000
-177.67  0.001
-176.38  0.002
-175.10  0.002
-173.81  0.001
-172.52 -0.000
-171.23  0.002
-169.94  0.004
-168.66  0.005
-167.37  0.007
-166.08  0.006
-164.79  0.008
-163.50  0.007
-162.21  0.004
-160.93  0.004
-159.64  0.003
-158.35  0.002
-157.06  0.004
-155.77  0.003
-154.48  0.004
-153.20  0.004
-151.91  0.003
-150.62  0.002
-149.33  0.002
-148.04  0.003
-146.76  0.004
-145.47  0.004
-144.18  0.004
-142.89  0.005
-141.60  0.005
-140.31  0.004
-139.03  0.002
-137.74  0.003
-136.45  0.006
-135.16  0.006
-133.87  0.003
-132.59  0.001
-131.30 -0.001
-130.01  0.003
-128.72  0.001
-127.43  0.002
-126.14 -0.000
-124.86 -0.000
-123.57 -0.000
-122.28  0.001
-120.99  0.001
-119.70  0.002
-118.41  0.003
-117.13  0.000
-115.84  0.002
-114.55  0.002
-113.26 -0.000
-111.97  0.002
-110.69  0.002
-109.40  0.004
-108.11  0.005
-106.82 -0.000
-105.53 -0.000
-104.24 -0.001
-102.96 -0.003
-101.67 -0.002
-100.38 -0.001
-99.09 -0.004
-97.80 -0.001
-96.52 -0.002
-95.23  0.003
-93.94  0.004
-92.65 -0.001
-91.36 -0.001
-90.07 -0.001
-88.79 -0.001
-87.50 -0.003
-86.21 -0.003
-84.92 -0.004
-83.63  0.000
-82.34 -0.001
-81.06 -0.000
-79.77 -0.001
-78.48 -0.002
-77.19  0.000
-75.90 -0.001
-74.62 -0.002
-73.33  0.001
-72.04  0.001
-70.75  0.002
-69.46  0.003
-68.17  0.004
-66.89  0.003
-65.60  0.005
-64.31  0.011
-63.02  0.011
-61.73  0.009
-60.45  0.009
-59.16  0.009
-57.87  0.010
-56.58  0.012
-55.29  0.015
-54.00  0.019
-52.72  0.019
-51.43  0.023
-50.14  0.025
-48.85  0.030
-47.56  0.029
-46.27  0.034
-44.99  0.034
-43.70  0.035
-42.41  0.037
-41.12  0.039
-39.83  0.041
-38.55  0.044
-37.26  0.048
-35.97  0.054
-34.68  0.062
-33.39  0.076
-32.10  0.094
-30.82  0.114
-29.53  0.140
-28.24  0.171
-26.95  0.208
-25.66  0.254
-24.38  0.304
-23.09  0.372
-21.80  0.456
-20.51  0.558
-19.22  0.686
-17.93  0.841
-16.65  1.053
-15.36  1.341
-14.07  1.707
-12.78  2.159
-11.49  2.714
-10.20  3.346
 -8.92  4.023
 -7.63  4.707
 -6.34  5.431
 -5.05  6.330
 -3.76  7.614
 -2.48  9.566
 -1.19 12.514
  0.10 16.613
  1.39 21.793
  2.68 27.831
  3.97 34.461
  5.25 41.094
  6.54 46.978
  7.83 51.450
  9.12 53.919
 10.41 54.390
 11.69 53.280
 12.98 50.924
 14.27 47.859
 15.56 44.800
 16.85 42.398
 18.14 41.022
 19.42 40.520
 20.71 40.606
 22.00 40.679
 23.29 40.439
 24.58 40.276
 25.87 40.211
 27.15 40.151
 28.44 39.730
 29.73 38.984
 31.02 38.132
 32.31 37.219
 33.59 36.453
 34.88 36.022
 36.17 36.088
 37.46 36.590
 38.75 37.247
 40.04 37.839
 41.32 39.085
 42.61 38.360
 43.90 37.919
 45.19 36.934
 46.48 35.538
 47.76 33.875
 49.05 31.863
 50.34 29.331
 51.63 26.354
 52.92 23.308
 54.21 20.336
 55.49 17.603
 56.78 15.076
 58.07 12.856
 59.36 10.878
 60.65  9.097
 61.94  7.572
 63.22  6.278
 64.51  5.195
 65.80  4.248
 67.09  3.495
 68.38  2.880
 69.66  2.327
 70.95  1.887
 72.24  1.598
 73.53  1.375
 74.82  1.145
 76.11  0.951
 77.39  0.796
 78.68  0.674
 79.97  0.573
 81.26  0.478
 82.55  0.384
 83.83  0.317
 85.12  0.269
 86.41  0.229
 87.70  0.201
 88.99  0.171
 90.28  0.150
 91.56  0.128
 92.85  0.108
 94.14  0.093
 95.43  0.084
 96.72  0.072
 98.01  0.062
 99.29  0.055
100.58  0.046
101.87  0.043
103.16  0.038
104.45  0.034
105.73  0.030
107.02  0.025
108.31  0.025
109.60  0.022
110.89  0.020
112.18  0.018
113.46  0.018
114.75  0.016
116.04  0.013
117.33  0.010
118.62  0.009
119.90  0.008
121.19  0.008
122.48  0.006
123.77  0.006
125.06  0.004
126.35  0.004
127.63  0.005
128.92  0.004
130.21  0.002
131.50  0.002
132.79  0.002
134.08  0.001
135.36  0.001
136.65  0.004
137.94  0.004
139.23  0.002
140.52  0.001
141.80  0.002
143.09  0.003
144.38  0.001
145.67  0.004
146.96  0.003
148.25  0.001
149.53 -0.001
150.82  0.000
152.11  0.003
153.40  0.002
154.69  0.002
155.97  0.002
157.26  0.002
158.55  0.002
159.84  0.003
161.13  0.003
162.42  0.001
163.70  0.003
164.99  0.002
166.28  0.003
167.57  0.004
168.86  0.002
170.15 -0.001
171.43  0.000
172.72 -0.001
174.01 -0.000
175.30 -0.001
176.59 -0.001
177.87  0.001
179.16 -0.001
180.45  0.001
181.74  0.003
183.03  0.001
184.32 -0.000
185.60  0.001
186.89  0.005
188.18  0.006
189.47  0.001
190.76  0.003
192.04  0.004
193.33  0.003
194.62  0.003
195.91  0.001
197.20 -0.000
198.49 -0.001
199.77  0.002
