-198.28  0.002
-197.00  0.003
-195.71  0.002
-194.42  0.002
-193.13  0.002
-191.84  0.002
-190.55  0.003
-189.27  0.003
-187.98  0.002
-186.69  0.002
-185.40  0.002
-184.11  0.003
-182.83  0.002
-181.54  0.003
-180.25  0.003
-178.96  0.003
-177.67  0.004
-176.38  0.004
-175.10  0.002
-173.81  0.003
-172.52  0.003
-171.23  0.003
-169.94  0.002
-168.66  0.002
-167.37  0.003
-166.08  0.003
-164.79  0.003
-163.50  0.002
-162.21  0.002
-160.93  0.001
-159.64  0.001
-158.35  0.001
-157.06  0.001
-155.77  0.001
-154.48  0.003
-153.20  0.003
-151.91  0.004
-150.62  0.004
-149.33  0.004
-148.04  0.004
-146.76  0.004
-145.47  0.004
-144.18  0.005
-142.89  0.004
-141.60  0.004
-140.31  0.004
-139.03  0.004
-137.74  0.005
-136.45  0.004
-135.16  0.002
-133.87  0.005
-132.59  0.005
-131.30  0.006
-130.01  0.006
-128.72  0.006
-127.43  0.007
-126.14  0.008
-124.86  0.008
-123.57  0.009
-122.28  0.010
-120.99  0.012
-119.70  0.015
-118.41  0.017
-117.13  0.019
-115.84  0.021
-114.55  0.023
-113.26  0.028
-111.97  0.031
-110.69  0.036
-109.40  0.040
-108.11  0.047
-106.82  0.053
-105.53  0.061
-104.24  0.069
-102.96  0.078
-101.67  0.087
-100.38  0.100
-99.09  0.112
-97.80  0.126
-96.52  0.143
-95.23  0.162
-93.94  0.185
-92.65  0.212
-91.36  0.241
-90.07  0.277
-88.79  0.318
-87.50  0.367
-86.21  0.424
-84.92  0.493
-83.63  0.572
-82.34  0.670
-81.06  0.792
-79.77  0.937
-78.48  1.118
-77.19  1.338
-75.90  1.604
-74.62  1.933
-73.33  2.324
-72.04  2.808
-70.75  3.390
-69.46  4.108
-68.17  4.973
-66.89  6.030
-65.60  7.318
-64.31  8.847
-63.02 10.635
-61.73 12.591
-60.45 14.697
-59.16 16.818
-57.87 18.977
-56.58 21.118
-55.29 23.260
-54.00 25.380
-52.72 27.391
-51.43 29.324
-50.14 31.139
-48.85 32.892
-47.56 34.514
-46.27 36.031
-44.99 37.425
-43.70 38.665
-42.41 39.744
-41.12 40.578
-39.83 41.184
-38.55 41.630
-37.26 41.992
-35.97 42.316
-34.68 42.731
-33.39 43.369
-32.10 44.146
-30.82 44.865
-29.53 45.402
-28.24 45.734
-26.95 45.888
-25.66 45.920
-24.38 45.963
-23.09 46.014
-21.80 45.695
-20.51 44.454
-19.22 42.161
-17.93 39.454
-16.65 36.811
-15.36 34.423
-14.07 32.244
-12.78 30.356
-11.49 29.098
-10.20 28.948
 -8.92 30.334
 -7.63 32.691
 -6.34 35.052
 -5.05 37.241
 -3.76 39.634
 -2.48 42.482
 -1.19 44.528
  0.10 43.829
  1.39 40.712
  2.68 34.570
  3.97 26.448
  5.25 20.063
  6.54 15.861
  7.83 12.979
  9.12 11.149
 10.41 10.101
 11.69  9.570
 12.98  9.351
 14.27  9.331
 15.56  9.467
 16.85  9.735
 18.14 10.105
 19.42 10.569
 20.71 11.069
 22.00 11.602
 23.29 12.135
 24.58 12.667
 25.87 13.177
 27.15 13.650
 28.44 14.086
 29.73 14.484
 31.02 14.838
 32.31 15.124
 33.59 15.319
 34.88 15.402
 36.17 15.367
 37.46 15.217
 38.75 14.981
 40.04 14.665
 41.32 14.273
 42.61 13.795
 43.90 13.218
 45.19 12.523
 46.48 11.731
 47.76 10.887
 49.05 10.025
 50.34  9.197
 51.63  8.421
 52.92  7.733
 54.21  7.102
 55.49  6.564
 56.78  6.112
 58.07  5.766
 59.36  5.521
 60.65  5.353
 61.94  5.223
 63.22  5.109
 64.51  5.047
 65.80  5.054
 67.09  5.128
 68.38  5.273
 69.66  5.477
 70.95  5.723
 72.24  6.016
 73.53  6.324
 74.82  6.617
 76.11  6.843
 77.39  6.971
 78.68  6.989
 79.97  6.924
 81.26  6.836
 82.55  6.758
 83.83  6.697
 85.12  6.657
 86.41  6.622
 87.70  6.593
 88.99  6.569
 90.28  6.490
 91.56  6.321
 92.85  6.046
 94.14  5.663
 95.43  5.200
 96.72  4.708
 98.01  4.222
 99.29  3.786
100.58  3.408
101.87  3.049
103.16  2.695
104.45  2.361
105.73  2.079
107.02  1.838
108.31  1.628
109.60  1.445
110.89  1.290
112.18  1.163
113.46  1.055
114.75  0.962
116.04  0.877
117.33  0.797
118.62  0.723
119.90  0.660
121.19  0.603
122.48  0.544
123.77  0.488
125.06  0.435
126.35  0.384
127.63  0.331
128.92  0.282
130.21  0.242
131.50  0.210
132.79  0.181
134.08  0.157
135.36  0.137
136.65  0.119
137.94  0.105
139.23  0.091
140.52  0.079
141.80  0.068
143.09  0.058
144.38  0.051
145.67  0.042
146.96  0.036
148.25  0.029
149.53  0.024
150.82  0.020
152.11  0.016
153.40  0.014
154.69  0.010
155.97  0.008
157.26  0.008
158.55  0.007
159.84  0.007
161.13  0.009
162.42  0.010
163.70  0.011
164.99  0.012
166.28  0.014
167.57  0.015
168.86  0.018
170.15  0.021
171.43  0.022
172.72  0.025
174.01  0.028
175.30  0.030
176.59  0.034
177.87  0.035
179.16  0.035
180.45  0.035
181.74  0.036
183.03  0.033
184.32  0.034
185.60  0.032
186.89  0.030
188.18  0.027
189.47  0.022
190.76  0.019
192.04  0.017
193.33  0.013
194.62  0.012
195.91  0.011
197.20  0.011
198.49  0.011
199.77  0.011
