-198.28  0.001
-197.00  0.001
-195.71  0.002
-194.42  0.001
-193.13  0.002
-191.84  0.001
-190.55  0.002
-189.27  0.001
-187.98  0.001
-186.69  0.001
-185.40 -0.000
-184.11  0.002
-182.83  0.002
-181.54  0.002
-180.25  0.002
-178.96  0.003
-177.67  0.002
-176.38  0.003
-175.10  0.003
-173.81  0.004
-172.52  0.006
-171.23  0.005
-169.94  0.005
-168.66  0.006
-167.37  0.007
-166.08  0.009
-164.79  0.009
-163.50  0.012
-162.21  0.013
-160.93  0.016
-159.64  0.018
-158.35  0.021
-157.06  0.022
-155.77  0.024
-154.48  0.030
-153.20  0.036
-151.91  0.041
-150.62  0.050
-149.33  0.058
-148.04  0.067
-146.76  0.079
-145.47  0.094
-144.18  0.111
-142.89  0.131
-141.60  0.156
-140.31  0.186
-139.03  0.221
-137.74  0.267
-136.45  0.323
-135.16  0.393
-133.87  0.474
-132.59  0.572
-131.30  0.684
-130.01  0.807
-128.72  0.944
-127.43  1.096
-126.14  1.259
-124.86  1.438
-123.57  1.621
-122.28  1.815
-120.99  2.021
-119.70  2.250
-118.41  2.499
-117.13  2.777
-115.84  3.090
-114.55  3.429
-113.26  3.801
-111.97  4.194
-110.69  4.614
-109.40  5.040
-108.11  5.482
-106.82  5.934
-105.53  6.381
-104.24  6.818
-102.96  7.253
-101.67  7.706
-100.38  8.173
-99.09  8.689
-97.80  9.247
-96.52  9.851
-95.23 10.503
-93.94 11.178
-92.65 11.871
-91.36 12.530
-90.07 13.162
-88.79 13.757
-87.50 14.337
-86.21 14.890
-84.92 15.415
-83.63 15.917
-82.34 16.359
-81.06 16.736
-79.77 17.060
-78.48 17.354
-77.19 17.609
-75.90 17.802
-74.62 17.931
-73.33 18.013
-72.04 18.067
-70.75 18.094
-69.46 18.111
-68.17 18.170
-66.89 18.299
-65.60 18.499
-64.31 18.783
-63.02 19.174
-61.73 19.635
-60.45 20.160
-59.16 20.733
-57.87 21.364
-56.58 22.027
-55.29 22.728
-54.00 23.459
-52.72 24.164
-51.43 24.851
-50.14 25.502
-48.85 26.084
-47.56 26.536
-46.27 26.841
-44.99 27.060
-43.70 27.282
-42.41 27.544
-41.12 27.813
-39.83 28.087
-38.55 28.300
-37.26 28.433
-35.97 28.547
-34.68 28.695
-33.39 28.938
-32.10 29.354
-30.82 29.937
-29.53 30.592
-28.24 31.296
-26.95 32.020
-25.66 32.899
-24.38 34.130
-23.09 35.847
-21.80 38.003
-20.51 40.185
-19.22 42.049
-17.93 43.264
-16.65 43.610
-15.36 42.839
-14.07 41.149
-12.78 39.053
-11.49 37.247
-10.20 35.995
 -8.92 35.120
 -7.63 34.284
 -6.34 33.701
 -5.05 34.059
 -3.76 36.024
 -2.48 39.223
 -1.19 42.720
  0.10 45.351
  1.39 46.897
  2.68 46.659
  3.97 43.555
  5.25 37.024
  6.54 28.701
  7.83 21.080
  9.12 15.684
 10.41 12.481
 11.69 10.754
 12.98  9.815
 14.27  9.387
 15.56  9.263
 16.85  9.348
 18.14  9.550
 19.42  9.784
 20.71 10.016
 22.00 10.227
 23.29 10.398
 24.58 10.542
 25.87 10.616
 27.15 10.625
 28.44 10.574
 29.73 10.473
 31.02 10.316
 32.31 10.104
 33.59  9.832
 34.88  9.518
 36.17  9.178
 37.46  8.834
 38.75  8.495
 40.04  8.160
 41.32  7.854
 42.61  7.595
 43.90  7.404
 45.19  7.271
 46.48  7.203
 47.76  7.172
 49.05  7.149
 50.34  7.125
 51.63  7.103
 52.92  7.086
 54.21  7.057
 55.49  6.968
 56.78  6.797
 58.07  6.564
 59.36  6.307
 60.65  6.033
 61.94  5.750
 63.22  5.452
 64.51  5.142
 65.80  4.809
 67.09  4.456
 68.38  4.091
 69.66  3.730
 70.95  3.390
 72.24  3.065
 73.53  2.768
 74.82  2.501
 76.11  2.282
 77.39  2.105
 78.68  1.955
 79.97  1.827
 81.26  1.711
 82.55  1.601
 83.83  1.509
 85.12  1.430
 86.41  1.327
 87.70  1.184
 88.99  1.041
 90.28  0.912
 91.56  0.805
 92.85  0.711
 94.14  0.627
 95.43  0.552
 96.72  0.486
 98.01  0.425
 99.29  0.370
100.58  0.320
101.87  0.278
103.16  0.242
104.45  0.208
105.73  0.181
107.02  0.157
108.31  0.134
109.60  0.116
110.89  0.099
112.18  0.084
113.46  0.072
114.75  0.061
116.04  0.051
117.33  0.039
118.62  0.029
119.90  0.025
121.19  0.023
122.48  0.020
123.77  0.017
125.06  0.015
126.35  0.016
127.63  0.014
128.92  0.013
130.21  0.010
131.50  0.007
132.79  0.006
134.08  0.005
135.36  0.004
136.65  0.005
137.94  0.005
139.23  0.005
140.52  0.003
141.80  0.003
143.09  0.005
144.38  0.004
145.67  0.002
146.96 -0.000
148.25  0.001
149.53  0.000
150.82 -0.000
152.11  0.001
153.40  0.002
154.69  0.002
155.97  0.003
157.26  0.004
158.55  0.004
159.84  0.004
161.13  0.004
162.42  0.003
163.70  0.002
164.99  0.003
166.28  0.005
167.57  0.004
168.86  0.003
170.15  0.004
171.43  0.003
172.72  0.003
174.01  0.002
175.30  0.003
176.59  0.003
177.87  0.002
179.16  0.003
180.45  0.003
181.74  0.005
183.03  0.006
184.32  0.004
185.60  0.003
186.89  0.002
188.18  0.003
189.47  0.003
190.76  0.003
192.04  0.003
193.33  0.003
194.62  0.002
195.91  0.003
197.20  0.003
198.49  0.003
199.77  0.003
