-198.28  0.004
-197.00  0.003
-195.71  0.003
-194.42  0.005
-193.13  0.004
-191.84  0.005
-190.55  0.005
-189.27  0.005
-187.98  0.007
-186.69  0.008
-185.40  0.004
-184.11  0.009
-182.83  0.007
-181.54  0.008
-180.25  0.004
-178.96  0.004
-177.67  0.004
-176.38  0.005
-175.10  0.001
-173.81  0.003
-172.52  0.002
-171.23  0.000
-169.94  0.002
-168.66  0.003
-167.37  0.002
-166.08  0.001
-164.79 -0.000
-163.50  0.004
-162.21  0.001
-160.93  0.000
-159.64  0.003
-158.35  0.007
-157.06  0.004
-155.77  0.003
-154.48  0.003
-153.20  0.004
-151.91  0.004
-150.62  0.005
-149.33  0.004
-148.04  0.005
-146.76  0.003
-145.47  0.002
-144.18  0.003
-142.89  0.006
-141.60  0.007
-140.31  0.006
-139.03  0.004
-137.74  0.007
-136.45  0.009
-135.16  0.009
-133.87  0.009
-132.59  0.013
-131.30  0.012
-130.01  0.013
-128.72  0.016
-127.43  0.012
-126.14  0.017
-124.86  0.017
-123.57  0.020
-122.28  0.022
-120.99  0.023
-119.70  0.028
-118.41  0.032
-117.13  0.037
-115.84  0.035
-114.55  0.040
-113.26  0.042
-111.97  0.045
-110.69  0.052
-109.40  0.060
-108.11  0.064
-106.82  0.062
-105.53  0.067
-104.24  0.073
-102.96  0.080
-101.67  0.084
-100.38  0.090
-99.09  0.099
-97.80  0.107
-96.52  0.117
-95.23  0.124
-93.94  0.136
-92.65  0.150
-91.36  0.167
-90.07  0.184
-88.79  0.200
-87.50  0.214
-86.21  0.236
-84.92  0.259
-83.63  0.276
-82.34  0.290
-81.06  0.311
-79.77  0.341
-78.48  0.370
-77.19  0.404
-75.90  0.423
-74.62  0.429
-73.33  0.422
-72.04  0.409
-70.75  0.385
-69.46  0.366
-68.17  0.344
-66.89  0.332
-65.60  0.330
-64.31  0.337
-63.02  0.337
-61.73  0.340
-60.45  0.337
-59.16  0.345
-57.87  0.355
-56.58  0.360
-55.29  0.358
-54.00  0.358
-52.72  0.370
-51.43  0.385
-50.14  0.392
-48.85  0.409
-47.56  0.432
-46.27  0.464
-44.99  0.500
-43.70  0.533
-42.41  0.572
-41.12  0.620
-39.83  0.678
-38.55  0.749
-37.26  0.826
-35.97  0.917
-34.68  1.024
-33.39  1.147
-32.10  1.278
-30.82  1.437
-29.53  1.626
-28.24  1.848
-26.95  2.105
-25.66  2.406
-24.38  2.753
-23.09  3.138
-21.80  3.584
-20.51  4.137
-19.22  4.839
-17.93  5.740
-16.65  6.894
-15.36  8.431
-14.07 10.497
-12.78 13.159
-11.49 16.422
-10.20 20.272
 -8.92 24.849
 -7.63 30.221
 -6.34 36.229
 -5.05 42.928
 -3.76 49.910
 -2.48 56.706
 -1.19 63.220
  0.10 69.536
  1.39 75.237
  2.68 79.810
  3.97 82.880
  5.25 84.195
  6.54 84.096
  7.83 82.547
  9.12 79.030
 10.41 73.787
 11.69 67.963
 12.98 61.531
 14.27 55.220
 15.56 49.545
 16.85 44.366
 18.14 39.344
 19.42 34.464
 20.71 30.038
 22.00 26.048
 23.29 22.458
 24.58 19.110
 25.87 16.049
 27.15 13.283
 28.44 10.872
 29.73  8.828
 31.02  7.131
 32.31  5.742
 33.59  4.569
 34.88  3.591
 36.17  2.781
 37.46  2.144
 38.75  1.664
 40.04  1.304
 41.32  1.033
 42.61  0.823
 43.90  0.663
 45.19  0.534
 46.48  0.438
 47.76  0.362
 49.05  0.304
 50.34  0.255
 51.63  0.216
 52.92  0.182
 54.21  0.158
 55.49  0.134
 56.78  0.117
 58.07  0.099
 59.36  0.086
 60.65  0.073
 61.94  0.062
 63.22  0.057
 64.51  0.052
 65.80  0.047
 67.09  0.041
 68.38  0.037
 69.66  0.035
 70.95  0.031
 72.24  0.024
 73.53  0.020
 74.82  0.019
 76.11  0.018
 77.39  0.018
 78.68  0.015
 79.97  0.010
 81.26  0.006
 82.55  0.006
 83.83  0.002
 85.12  0.002
 86.41  0.002
 87.70  0.001
 88.99  0.002
 90.28  0.004
 91.56  0.004
 92.85  0.006
 94.14  0.006
 95.43  0.004
 96.72  0.002
 98.01  0.005
 99.29  0.008
100.58  0.011
101.87  0.007
103.16  0.008
104.45  0.007
105.73  0.002
107.02  0.002
108.31  0.001
109.60 -0.001
110.89 -0.003
112.18 -0.001
113.46 -0.000
114.75  0.000
116.04  0.003
117.33  0.002
118.62  0.005
119.90  0.003
121.19  0.002
122.48 -0.000
123.77 -0.002
125.06 -0.000
126.35 -0.003
127.63 -0.003
128.92 -0.002
130.21 -0.001
131.50 -0.000
132.79  0.001
134.08  0.000
135.36  0.002
136.65  0.001
137.94  0.001
139.23  0.002
140.52  0.001
141.80  0.001
143.09  0.003
144.38  0.002
145.67  0.001
146.96  0.002
148.25  0.002
149.53  0.003
150.82  0.005
152.11  0.002
153.40  0.001
154.69  0.002
155.97  0.002
157.26  0.005
158.55  0.005
159.84  0.002
161.13  0.004
162.42  0.003
163.70  0.002
164.99  0.006
166.28  0.004
167.57  0.004
168.86  0.005
170.15  0.003
171.43  0.003
172.72  0.003
174.01  0.001
175.30  0.001
176.59  0.000
177.87  0.000
179.16  0.001
180.45  0.001
181.74  0.002
183.03  0.001
184.32  0.001
185.60 -0.002
186.89 -0.001
188.18  0.000
189.47 -0.002
190.76 -0.000
192.04 -0.002
193.33  0.001
194.62  0.001
195.91  0.001
197.20 -0.000
198.49  0.000
199.77 -0.000
