-198.28 -0.001
-197.00 -0.001
-195.71 -0.000
-194.42 -0.000
-193.13  0.000
-191.84 -0.000
-190.55 -0.001
-189.27 -0.001
-187.98  0.001
-186.69  0.001
-185.40  0.002
-184.11  0.002
-182.83  0.000
-181.54 -0.000
-180.25  0.000
-178.96  0.001
-177.67  0.001
-176.38  0.001
-175.10  0.001
-173.81  0.001
-172.52  0.001
-171.23  0.001
-169.94 -0.000
-168.66  0.001
-167.37  0.001
-166.08  0.000
-164.79 -0.000
-163.50  0.000
-162.21  0.000
-160.93  0.001
-159.64  0.001
-158.35  0.001
-157.06  0.001
-155.77  0.001
-154.48  0.001
-153.20  0.001
-151.91  0.002
-150.62  0.003
-149.33  0.002
-148.04  0.003
-146.76  0.002
-145.47  0.002
-144.18  0.002
-142.89  0.001
-141.60  0.002
-140.31  0.002
-139.03  0.003
-137.74  0.004
-136.45  0.003
-135.16  0.003
-133.87  0.002
-132.59  0.003
-131.30  0.002
-130.01  0.004
-128.72  0.004
-127.43  0.005
-126.14  0.004
-124.86  0.002
-123.57  0.003
-122.28  0.003
-120.99  0.003
-119.70  0.003
-118.41  0.003
-117.13  0.003
-115.84  0.003
-114.55  0.003
-113.26  0.004
-111.97  0.004
-110.69  0.004
-109.40  0.006
-108.11  0.006
-106.82  0.005
-105.53  0.005
-104.24  0.005
-102.96  0.007
-101.67  0.007
-100.38  0.006
-99.09  0.007
-97.80  0.006
-96.52  0.008
-95.23  0.006
-93.94  0.008
-92.65  0.009
-91.36  0.010
-90.07  0.011
-88.79  0.010
-87.50  0.012
-86.21  0.014
-84.92  0.014
-83.63  0.016
-82.34  0.020
-81.06  0.023
-79.77  0.026
-78.48  0.031
-77.19  0.036
-75.90  0.041
-74.62  0.050
-73.33  0.060
-72.04  0.070
-70.75  0.080
-69.46  0.096
-68.17  0.114
-66.89  0.137
-65.60  0.162
-64.31  0.194
-63.02  0.231
-61.73  0.276
-60.45  0.330
-59.16  0.395
-57.87  0.474
-56.58  0.571
-55.29  0.689
-54.00  0.838
-52.72  1.022
-51.43  1.251
-50.14  1.531
-48.85  1.885
-47.56  2.330
-46.27  2.896
-44.99  3.614
-43.70  4.516
-42.41  5.662
-41.12  7.037
-39.83  8.644
-38.55 10.352
-37.26 12.203
-35.97 14.229
-34.68 16.445
-33.39 18.846
-32.10 21.376
-30.82 24.031
-29.53 26.622
-28.24 29.143
-26.95 31.517
-25.66 33.886
-24.38 36.296
-23.09 38.606
-21.80 40.619
-20.51 42.158
-19.22 43.262
-17.93 43.855
-16.65 43.935
-15.36 43.666
-14.07 43.390
-12.78 43.343
-11.49 43.636
-10.20 44.261
 -8.92 45.242
 -7.63 46.709
 -6.34 49.057
 -5.05 51.715
 -3.76 53.131
 -2.48 53.155
 -1.19 51.114
  0.10 48.259
  1.39 44.233
  2.68 39.158
  3.97 34.228
  5.25 30.575
  6.54 28.088
  7.83 26.440
  9.12 25.313
 10.41 24.451
 11.69 23.788
 12.98 23.281
 14.27 22.923
 15.56 22.656
 16.85 22.406
 18.14 22.096
 19.42 21.736
 20.71 21.385
 22.00 21.043
 23.29 20.699
 24.58 20.321
 25.87 19.894
 27.15 19.401
 28.44 18.867
 29.73 18.312
 31.02 17.722
 32.31 17.130
 33.59 16.548
 34.88 16.006
 36.17 15.502
 37.46 15.045
 38.75 14.657
 40.04 14.316
 41.32 13.975
 42.61 13.567
 43.90 13.074
 45.19 12.484
 46.48 11.836
 47.76 11.173
 49.05 10.522
 50.34  9.919
 51.63  9.371
 52.92  8.916
 54.21  8.569
 55.49  8.348
 56.78  8.210
 58.07  8.114
 59.36  8.016
 60.65  7.943
 61.94  7.936
 63.22  8.010
 64.51  8.153
 65.80  8.323
 67.09  8.483
 68.38  8.625
 69.66  8.766
 70.95  8.923
 72.24  9.091
 73.53  9.256
 74.82  9.418
 76.11  9.553
 77.39  9.610
 78.68  9.541
 79.97  9.351
 81.26  9.069
 82.55  8.789
 83.83  8.565
 85.12  8.434
 86.41  8.384
 87.70  8.369
 88.99  8.361
 90.28  8.338
 91.56  8.285
 92.85  8.234
 94.14  8.149
 95.43  7.944
 96.72  7.553
 98.01  6.952
 99.29  6.210
100.58  5.466
101.87  4.820
103.16  4.331
104.45  3.970
105.73  3.724
107.02  3.572
108.31  3.502
109.60  3.469
110.89  3.460
112.18  3.444
113.46  3.365
114.75  3.252
116.04  3.145
117.33  3.039
118.62  2.932
119.90  2.857
121.19  2.796
122.48  2.719
123.77  2.641
125.06  2.593
126.35  2.573
127.63  2.550
128.92  2.466
130.21  2.277
131.50  2.039
132.79  1.812
134.08  1.604
135.36  1.431
136.65  1.275
137.94  1.130
139.23  0.992
140.52  0.867
141.80  0.761
143.09  0.673
144.38  0.597
145.67  0.533
146.96  0.475
148.25  0.422
149.53  0.377
150.82  0.336
152.11  0.300
153.40  0.266
154.69  0.236
155.97  0.209
157.26  0.183
158.55  0.159
159.84  0.139
161.13  0.120
162.42  0.101
163.70  0.085
164.99  0.071
166.28  0.058
167.57  0.047
168.86  0.035
170.15  0.027
171.43  0.021
172.72  0.014
174.01  0.008
175.30  0.005
176.59  0.004
177.87 -0.001
179.16 -0.004
180.45 -0.004
181.74 -0.005
183.03 -0.005
184.32 -0.006
185.60 -0.007
186.89 -0.008
188.18 -0.008
189.47 -0.007
190.76 -0.007
192.04 -0.006
193.33 -0.006
194.62 -0.006
195.91 -0.005
197.20 -0.004
198.49 -0.002
199.77 -0.003
