-198.28  0.239
-197.00  0.231
-195.71  0.222
-194.42  0.212
-193.13  0.205
-191.84  0.198
-190.55  0.189
-189.27  0.181
-187.98  0.174
-186.69  0.175
-185.40  0.173
-184.11  0.165
-182.83  0.160
-181.54  0.155
-180.25  0.142
-178.96  0.136
-177.67  0.134
-176.38  0.127
-175.10  0.123
-173.81  0.118
-172.52  0.118
-171.23  0.114
-169.94  0.111
-168.66  0.109
-167.37  0.105
-166.08  0.102
-164.79  0.103
-163.50  0.108
-162.21  0.107
-160.93  0.104
-159.64  0.104
-158.35  0.105
-157.06  0.108
-155.77  0.111
-154.48  0.117
-153.20  0.120
-151.91  0.128
-150.62  0.129
-149.33  0.133
-148.04  0.139
-146.76  0.147
-145.47  0.165
-144.18  0.175
-142.89  0.191
-141.60  0.208
-140.31  0.226
-139.03  0.254
-137.74  0.284
-136.45  0.318
-135.16  0.346
-133.87  0.375
-132.59  0.405
-131.30  0.422
-130.01  0.445
-128.72  0.473
-127.43  0.509
-126.14  0.568
-124.86  0.592
-123.57  0.635
-122.28  0.724
-120.99  0.812
-119.70  0.904
-118.41  1.010
-117.13  1.143
-115.84  1.299
-114.55  1.489
-113.26  1.727
-111.97  2.023
-110.69  2.395
-109.40  2.867
-108.11  3.379
-106.82  3.949
-105.53  4.619
-104.24  5.398
-102.96  6.200
-101.67  6.972
-100.38  7.583
-99.09  7.832
-97.80  7.793
-96.52  7.703
-95.23  7.795
-93.94  7.980
-92.65  8.171
-91.36  8.305
-90.07  8.423
-88.79  8.553
-87.50  8.799
-86.21  9.118
-84.92  9.456
-83.63  9.767
-82.34 10.068
-81.06 10.388
-79.77 10.741
-78.48 11.049
-77.19 11.240
-75.90 11.605
-74.62 11.998
-73.33 12.490
-72.04 13.042
-70.75 13.891
-69.46 14.971
-68.17 16.278
-66.89 17.828
-65.60 19.586
-64.31 21.529
-63.02 23.623
-61.73 25.823
-60.45 28.182
-59.16 30.535
-57.87 32.462
-56.58 34.007
-55.29 35.068
-54.00 35.492
-52.72 35.332
-51.43 34.817
-50.14 34.114
-48.85 33.522
-47.56 33.112
-46.27 32.821
-44.99 32.488
-43.70 32.021
-42.41 31.384
-41.12 30.549
-39.83 29.631
-38.55 28.556
-37.26 27.477
-35.97 26.238
-34.68 24.817
-33.39 23.204
-32.10 21.424
-30.82 19.659
-29.53 18.013
-28.24 16.766
-26.95 16.009
-25.66 15.788
-24.38 16.147
-23.09 17.001
-21.80 18.263
-20.51 19.972
-19.22 22.135
-17.93 24.846
-16.65 28.180
-15.36 32.314
-14.07 37.098
-12.78 41.841
-11.49 45.531
-10.20 47.487
 -8.92 47.968
 -7.63 48.136
 -6.34 48.364
 -5.05 48.285
 -3.76 47.459
 -2.48 45.845
 -1.19 44.318
  0.10 42.817
  1.39 39.994
  2.68 34.748
  3.97 27.103
  5.25 19.298
  6.54 13.032
  7.83  8.523
  9.12  5.663
 10.41  3.907
 11.69  2.766
 12.98  1.986
 14.27  1.440
 15.56  1.052
 16.85  0.772
 18.14  0.572
 19.42  0.439
 20.71  0.330
 22.00  0.251
 23.29  0.189
 24.58  0.149
 25.87  0.115
 27.15  0.089
 28.44  0.074
 29.73  0.065
 31.02  0.057
 32.31  0.051
 33.59  0.046
 34.88  0.043
 36.17  0.038
 37.46  0.033
 38.75  0.031
 40.04  0.024
 41.32  0.022
 42.61  0.020
 43.90  0.017
 45.19  0.013
 46.48  0.011
 47.76  0.008
 49.05  0.005
 50.34  0.005
 51.63  0.001
 52.92  0.002
 54.21  0.002
 55.49  0.000
 56.78 -0.001
 58.07 -0.003
 59.36 -0.002
 60.65 -0.001
 61.94 -0.006
 63.22 -0.006
 64.51 -0.004
 65.80 -0.003
 67.09 -0.005
 68.38 -0.006
 69.66 -0.005
 70.95 -0.006
 72.24 -0.005
 73.53 -0.004
 74.82  0.001
 76.11  0.004
 77.39  0.002
 78.68  0.010
 79.97  0.008
 81.26  0.003
 82.55  0.004
 83.83  0.008
 85.12  0.003
 86.41 -0.000
 87.70  0.001
 88.99  0.001
 90.28  0.003
 91.56 -0.000
 92.85  0.001
 94.14 -0.000
 95.43  0.002
 96.72  0.002
 98.01  0.002
 99.29  0.004
100.58  0.004
101.87  0.007
103.16  0.004
104.45  0.003
105.73  0.002
107.02 -0.000
108.31 -0.001
109.60  0.001
110.89  0.001
112.18  0.001
113.46  0.002
114.75  0.005
116.04 -0.000
117.33  0.000
118.62 -0.001
119.90  0.001
121.19  0.001
122.48 -0.000
123.77  0.004
125.06  0.002
126.35  0.004
127.63  0.003
128.92  0.002
130.21  0.005
131.50  0.004
132.79  0.003
134.08  0.004
135.36  0.003
136.65  0.002
137.94  0.001
139.23  0.001
140.52 -0.000
141.80 -0.001
143.09  0.001
144.38  0.001
145.67  0.001
146.96  0.001
148.25 -0.001
149.53  0.002
150.82  0.002
152.11  0.000
153.40  0.001
154.69  0.003
155.97  0.002
157.26 -0.002
158.55  0.000
159.84  0.002
161.13  0.002
162.42  0.004
163.70  0.000
164.99  0.001
166.28 -0.001
167.57 -0.000
168.86  0.000
170.15  0.001
171.43  0.001
172.72  0.000
174.01  0.003
175.30  0.001
176.59 -0.001
177.87 -0.000
179.16  0.000
180.45 -0.003
181.74  0.000
183.03 -0.000
184.32  0.001
185.60  0.003
186.89  0.004
188.18 -0.001
189.47  0.000
190.76 -0.000
192.04 -0.000
193.33 -0.003
194.62  0.001
195.91  0.000
197.20  0.002
198.49 -0.001
199.77 -0.000
