-198.28  0.002
-197.00  0.004
-195.71  0.003
-194.42  0.002
-193.13  0.002
-191.84  0.003
-190.55  0.003
-189.27  0.003
-187.98  0.003
-186.69  0.002
-185.40  0.001
-184.11  0.003
-182.83  0.003
-181.54  0.003
-180.25  0.004
-178.96  0.003
-177.67  0.003
-176.38  0.003
-175.10  0.003
-173.81  0.002
-172.52  0.000
-171.23  0.001
-169.94  0.004
-168.66  0.004
-167.37  0.004
-166.08  0.004
-164.79  0.004
-163.50  0.005
-162.21  0.004
-160.93  0.003
-159.64  0.005
-158.35  0.005
-157.06  0.004
-155.77  0.004
-154.48  0.004
-153.20  0.005
-151.91  0.004
-150.62  0.004
-149.33  0.004
-148.04  0.003
-146.76  0.004
-145.47  0.004
-144.18  0.004
-142.89  0.004
-141.60  0.003
-140.31  0.003
-139.03  0.002
-137.74  0.004
-136.45  0.004
-135.16  0.003
-133.87  0.004
-132.59  0.000
-131.30  0.000
-130.01 -0.001
-128.72  0.001
-127.43  0.002
-126.14  0.003
-124.86  0.003
-123.57  0.001
-122.28  0.002
-120.99  0.001
-119.70  0.001
-118.41  0.001
-117.13  0.001
-115.84  0.001
-114.55  0.001
-113.26  0.001
-111.97  0.001
-110.69  0.000
-109.40  0.001
-108.11 -0.001
-106.82 -0.001
-105.53  0.000
-104.24  0.001
-102.96 -0.000
-101.67 -0.000
-100.38 -0.001
-99.09 -0.002
-97.80 -0.002
-96.52 -0.003
-95.23 -0.003
-93.94 -0.004
-92.65 -0.004
-91.36 -0.004
-90.07 -0.005
-88.79 -0.005
-87.50 -0.006
-86.21 -0.007
-84.92 -0.006
-83.63 -0.006
-82.34 -0.006
-81.06 -0.007
-79.77 -0.006
-78.48 -0.006
-77.19 -0.005
-75.90 -0.003
-74.62 -0.002
-73.33 -0.000
-72.04  0.000
-70.75  0.001
-69.46  0.003
-68.17  0.006
-66.89  0.008
-65.60  0.010
-64.31  0.012
-63.02  0.016
-61.73  0.022
-60.45  0.027
-59.16  0.032
-57.87  0.034
-56.58  0.038
-55.29  0.040
-54.00  0.042
-52.72  0.041
-51.43  0.039
-50.14  0.039
-48.85  0.040
-47.56  0.044
-46.27  0.044
-44.99  0.046
-43.70  0.051
-42.41  0.055
-41.12  0.058
-39.83  0.054
-38.55  0.057
-37.26  0.062
-35.97  0.069
-34.68  0.080
-33.39  0.088
-32.10  0.095
-30.82  0.102
-29.53  0.112
-28.24  0.123
-26.95  0.137
-25.66  0.153
-24.38  0.173
-23.09  0.199
-21.80  0.235
-20.51  0.279
-19.22  0.336
-17.93  0.409
-16.65  0.499
-15.36  0.619
-14.07  0.776
-12.78  0.991
-11.49  1.282
-10.20  1.702
 -8.92  2.318
 -7.63  3.284
 -6.34  4.751
 -5.05  6.791
 -3.76  9.235
 -2.48 11.389
 -1.19 12.645
  0.10 13.299
  1.39 13.977
  2.68 15.469
  3.97 18.076
  5.25 21.501
  6.54 25.668
  7.83 30.462
  9.12 34.988
 10.41 38.625
 11.69 41.302
 12.98 43.271
 14.27 44.443
 15.56 44.972
 16.85 45.191
 18.14 45.236
 19.42 45.055
 20.71 44.347
 22.00 42.650
 23.29 39.875
 24.58 36.374
 25.87 32.673
 27.15 29.020
 28.44 25.549
 29.73 22.363
 31.02 19.485
 32.31 17.133
 33.59 15.241
 34.88 13.693
 36.17 12.322
 37.46 11.134
 38.75 10.151
 40.04  9.424
 41.32  9.008
 42.61  8.863
 43.90  8.966
 45.19  9.342
 46.48  9.980
 47.76 10.865
 49.05 12.026
 50.34 13.358
 51.63 14.652
 52.92 15.584
 54.21 16.049
 55.49 16.141
 56.78 16.106
 58.07 16.007
 59.36 15.812
 60.65 15.509
 61.94 15.160
 63.22 14.849
 64.51 14.646
 65.80 14.550
 67.09 14.612
 68.38 14.867
 69.66 15.270
 70.95 15.686
 72.24 16.006
 73.53 16.192
 74.82 16.305
 76.11 16.400
 77.39 16.487
 78.68 16.580
 79.97 16.755
 81.26 17.072
 82.55 17.604
 83.83 18.381
 85.12 19.229
 86.41 19.994
 87.70 20.526
 88.99 20.730
 90.28 20.558
 91.56 20.073
 92.85 19.319
 94.14 18.413
 95.43 17.456
 96.72 16.618
 98.01 15.855
 99.29 15.023
100.58 14.028
101.87 12.957
103.16 11.932
104.45 10.907
105.73  9.924
107.02  8.955
108.31  8.045
109.60  7.185
110.89  6.368
112.18  5.624
113.46  4.915
114.75  4.279
116.04  3.732
117.33  3.297
118.62  2.951
119.90  2.667
121.19  2.426
122.48  2.211
123.77  2.013
125.06  1.825
126.35  1.652
127.63  1.492
128.92  1.352
130.21  1.223
131.50  1.107
132.79  1.004
134.08  0.908
135.36  0.823
136.65  0.746
137.94  0.678
139.23  0.616
140.52  0.560
141.80  0.510
143.09  0.465
144.38  0.423
145.67  0.385
146.96  0.352
148.25  0.321
149.53  0.294
150.82  0.270
152.11  0.247
153.40  0.228
154.69  0.211
155.97  0.196
157.26  0.181
158.55  0.168
159.84  0.157
161.13  0.149
162.42  0.141
163.70  0.134
164.99  0.127
166.28  0.123
167.57  0.115
168.86  0.105
170.15  0.099
171.43  0.094
172.72  0.087
174.01  0.082
175.30  0.075
176.59  0.071
177.87  0.065
179.16  0.060
180.45  0.057
181.74  0.052
183.03  0.047
184.32  0.043
185.60  0.039
186.89  0.034
188.18  0.031
189.47  0.027
190.76  0.024
192.04  0.022
193.33  0.019
194.62  0.017
195.91  0.016
197.20  0.015
198.49  0.015
199.77  0.013
