-198.28  0.002
-197.00  0.003
-195.71  0.001
-194.42 -0.000
-193.13  0.002
-191.84  0.001
-190.55  0.003
-189.27  0.004
-187.98  0.003
-186.69  0.002
-185.40  0.003
-184.11  0.004
-182.83  0.002
-181.54  0.001
-180.25  0.003
-178.96  0.002
-177.67  0.004
-176.38  0.005
-175.10  0.003
-173.81  0.003
-172.52  0.004
-171.23  0.003
-169.94  0.004
-168.66  0.007
-167.37  0.004
-166.08  0.003
-164.79  0.005
-163.50  0.003
-162.21  0.006
-160.93  0.007
-159.64  0.014
-158.35  0.011
-157.06  0.008
-155.77  0.010
-154.48  0.014
-153.20  0.016
-151.91  0.019
-150.62  0.026
-149.33  0.029
-148.04  0.037
-146.76  0.045
-145.47  0.044
-144.18  0.050
-142.89  0.055
-141.60  0.066
-140.31  0.073
-139.03  0.080
-137.74  0.088
-136.45  0.099
-135.16  0.113
-133.87  0.125
-132.59  0.136
-131.30  0.146
-130.01  0.163
-128.72  0.177
-127.43  0.191
-126.14  0.200
-124.86  0.211
-123.57  0.230
-122.28  0.246
-120.99  0.261
-119.70  0.277
-118.41  0.294
-117.13  0.311
-115.84  0.327
-114.55  0.343
-113.26  0.365
-111.97  0.389
-110.69  0.415
-109.40  0.445
-108.11  0.480
-106.82  0.515
-105.53  0.559
-104.24  0.603
-102.96  0.652
-101.67  0.699
-100.38  0.747
-99.09  0.793
-97.80  0.855
-96.52  0.921
-95.23  1.005
-93.94  1.108
-92.65  1.231
-91.36  1.383
-90.07  1.539
-88.79  1.708
-87.50  1.904
-86.21  2.129
-84.92  2.411
-83.63  2.785
-82.34  3.251
-81.06  3.806
-79.77  4.394
-78.48  4.962
-77.19  5.467
-75.90  5.889
-74.62  6.245
-73.33  6.625
-72.04  6.928
-70.75  7.170
-69.46  7.504
-68.17  7.942
-66.89  8.289
-65.60  8.664
-64.31  9.156
-63.02  9.805
-61.73 10.640
-60.45 11.737
-59.16 13.040
-57.87 14.316
-56.58 15.431
-55.29 16.439
-54.00 17.515
-52.72 18.700
-51.43 19.986
-50.14 21.456
-48.85 23.175
-47.56 25.080
-46.27 27.092
-44.99 29.340
-43.70 31.977
-42.41 34.792
-41.12 37.753
-39.83 40.754
-38.55 43.702
-37.26 46.442
-35.97 48.592
-34.68 49.872
-33.39 50.261
-32.10 49.924
-30.82 48.898
-29.53 47.295
-28.24 45.209
-26.95 42.797
-25.66 40.399
-24.38 38.337
-23.09 36.788
-21.80 36.117
-20.51 36.412
-19.22 37.317
-17.93 38.749
-16.65 40.500
-15.36 42.588
-14.07 45.053
-12.78 47.473
-11.49 49.569
-10.20 51.361
 -8.92 52.679
 -7.63 53.236
 -6.34 52.731
 -5.05 51.436
 -3.76 49.767
 -2.48 48.439
 -1.19 47.782
  0.10 46.758
  1.39 43.364
  2.68 38.502
  3.97 34.756
  5.25 30.547
  6.54 22.052
  7.83 12.975
  9.12  7.797
 10.41  5.259
 11.69  3.753
 12.98  2.761
 14.27  2.078
 15.56  1.586
 16.85  1.217
 18.14  0.935
 19.42  0.720
 20.71  0.555
 22.00  0.427
 23.29  0.337
 24.58  0.269
 25.87  0.218
 27.15  0.178
 28.44  0.144
 29.73  0.116
 31.02  0.094
 32.31  0.073
 33.59  0.054
 34.88  0.042
 36.17  0.029
 37.46  0.023
 38.75  0.016
 40.04  0.011
 41.32  0.010
 42.61  0.009
 43.90  0.005
 45.19  0.002
 46.48  0.001
 47.76  0.003
 49.05 -0.001
 50.34 -0.001
 51.63  0.000
 52.92  0.001
 54.21 -0.001
 55.49  0.002
 56.78 -0.000
 58.07  0.001
 59.36 -0.001
 60.65  0.003
 61.94  0.004
 63.22  0.003
 64.51  0.000
 65.80  0.003
 67.09  0.002
 68.38  0.001
 69.66  0.003
 70.95  0.000
 72.24  0.001
 73.53  0.000
 74.82 -0.000
 76.11  0.001
 77.39  0.003
 78.68  0.001
 79.97 -0.002
 81.26 -0.000
 82.55  0.001
 83.83  0.000
 85.12  0.000
 86.41  0.003
 87.70  0.001
 88.99  0.001
 90.28  0.002
 91.56  0.006
 92.85  0.007
 94.14  0.008
 95.43  0.008
 96.72  0.008
 98.01  0.007
 99.29  0.008
100.58  0.009
101.87  0.012
103.16  0.008
104.45  0.006
105.73  0.008
107.02  0.005
108.31  0.010
109.60  0.010
110.89  0.006
112.18  0.005
113.46  0.005
114.75  0.003
116.04  0.001
117.33  0.001
118.62  0.001
119.90 -0.000
121.19 -0.001
122.48  0.001
123.77  0.000
125.06 -0.001
126.35 -0.002
127.63 -0.004
128.92 -0.002
130.21 -0.002
131.50 -0.001
132.79 -0.003
134.08 -0.002
135.36 -0.004
136.65 -0.004
137.94 -0.003
139.23 -0.004
140.52 -0.004
141.80 -0.006
143.09 -0.003
144.38 -0.003
145.67 -0.004
146.96 -0.005
148.25 -0.005
149.53 -0.004
150.82 -0.004
152.11 -0.004
153.40 -0.004
154.69 -0.003
155.97 -0.001
157.26 -0.001
158.55 -0.003
159.84  0.000
161.13 -0.000
162.42 -0.002
163.70 -0.002
164.99 -0.000
166.28 -0.000
167.57  0.002
168.86  0.001
170.15  0.000
171.43  0.004
172.72  0.005
174.01  0.004
175.30  0.005
176.59  0.005
177.87  0.003
179.16  0.005
180.45  0.004
181.74  0.007
183.03  0.005
184.32  0.005
185.60  0.005
186.89  0.004
188.18  0.003
189.47  0.003
190.76  0.002
192.04  0.002
193.33 -0.000
194.62  0.001
195.91  0.000
197.20  0.000
198.49 -0.000
199.77 -0.001
