-198.28  0.219
-197.00  0.224
-195.71  0.231
-194.42  0.238
-193.13  0.244
-191.84  0.253
-190.55  0.257
-189.27  0.265
-187.98  0.271
-186.69  0.275
-185.40  0.279
-184.11  0.283
-182.83  0.287
-181.54  0.294
-180.25  0.302
-178.96  0.313
-177.67  0.324
-176.38  0.333
-175.10  0.345
-173.81  0.355
-172.52  0.367
-171.23  0.378
-169.94  0.393
-168.66  0.409
-167.37  0.427
-166.08  0.447
-164.79  0.468
-163.50  0.493
-162.21  0.519
-160.93  0.544
-159.64  0.567
-158.35  0.590
-157.06  0.610
-155.77  0.629
-154.48  0.645
-153.20  0.662
-151.91  0.677
-150.62  0.691
-149.33  0.710
-148.04  0.730
-146.76  0.751
-145.47  0.776
-144.18  0.803
-142.89  0.836
-141.60  0.872
-140.31  0.915
-139.03  0.959
-137.74  1.009
-136.45  1.066
-135.16  1.131
-133.87  1.205
-132.59  1.291
-131.30  1.395
-130.01  1.509
-128.72  1.631
-127.43  1.761
-126.14  1.898
-124.86  2.040
-123.57  2.182
-122.28  2.323
-120.99  2.458
-119.70  2.583
-118.41  2.679
-117.13  2.738
-115.84  2.760
-114.55  2.754
-113.26  2.723
-111.97  2.680
-110.69  2.630
-109.40  2.578
-108.11  2.529
-106.82  2.485
-105.53  2.453
-104.24  2.430
-102.96  2.417
-101.67  2.426
-100.38  2.465
-99.09  2.544
-97.80  2.661
-96.52  2.802
-95.23  2.956
-93.94  3.111
-92.65  3.262
-91.36  3.412
-90.07  3.577
-88.79  3.751
-87.50  3.912
-86.21  4.041
-84.92  4.124
-83.63  4.154
-82.34  4.135
-81.06  4.094
-79.77  4.056
-78.48  4.044
-77.19  4.069
-75.90  4.130
-74.62  4.227
-73.33  4.348
-72.04  4.482
-70.75  4.617
-69.46  4.749
-68.17  4.858
-66.89  4.944
-65.60  5.001
-64.31  5.031
-63.02  5.036
-61.73  5.027
-60.45  5.024
-59.16  5.049
-57.87  5.112
-56.58  5.212
-55.29  5.342
-54.00  5.498
-52.72  5.685
-51.43  5.923
-50.14  6.223
-48.85  6.609
-47.56  7.073
-46.27  7.634
-44.99  8.299
-43.70  9.060
-42.41  9.914
-41.12 10.845
-39.83 11.876
-38.55 12.980
-37.26 14.187
-35.97 15.445
-34.68 16.708
-33.39 17.962
-32.10 19.202
-30.82 20.475
-29.53 21.728
-28.24 22.948
-26.95 24.067
-25.66 25.119
-24.38 26.142
-23.09 27.188
-21.80 28.297
-20.51 29.439
-19.22 30.642
-17.93 31.957
-16.65 33.497
-15.36 35.268
-14.07 37.317
-12.78 39.617
-11.49 42.055
-10.20 44.638
 -8.92 47.162
 -7.63 49.695
 -6.34 52.096
 -5.05 54.336
 -3.76 56.555
 -2.48 58.976
 -1.19 62.228
  0.10 66.447
  1.39 70.075
  2.68 70.515
  3.97 67.234
  5.25 61.945
  6.54 57.476
  7.83 52.615
  9.12 45.830
 10.41 38.745
 11.69 32.849
 12.98 28.020
 14.27 24.316
 15.56 21.328
 16.85 18.841
 18.14 16.727
 19.42 14.904
 20.71 13.364
 22.00 12.020
 23.29 10.889
 24.58  9.925
 25.87  9.123
 27.15  8.462
 28.44  7.921
 29.73  7.468
 31.02  7.058
 32.31  6.688
 33.59  6.327
 34.88  5.981
 36.17  5.651
 37.46  5.340
 38.75  5.034
 40.04  4.725
 41.32  4.425
 42.61  4.132
 43.90  3.860
 45.19  3.604
 46.48  3.380
 47.76  3.189
 49.05  3.014
 50.34  2.854
 51.63  2.701
 52.92  2.548
 54.21  2.385
 55.49  2.216
 56.78  2.043
 58.07  1.870
 59.36  1.702
 60.65  1.545
 61.94  1.398
 63.22  1.259
 64.51  1.133
 65.80  1.022
 67.09  0.913
 68.38  0.818
 69.66  0.737
 70.95  0.665
 72.24  0.599
 73.53  0.543
 74.82  0.494
 76.11  0.454
 77.39  0.419
 78.68  0.391
 79.97  0.366
 81.26  0.344
 82.55  0.329
 83.83  0.315
 85.12  0.304
 86.41  0.297
 87.70  0.290
 88.99  0.284
 90.28  0.276
 91.56  0.272
 92.85  0.266
 94.14  0.262
 95.43  0.256
 96.72  0.249
 98.01  0.244
 99.29  0.238
100.58  0.233
101.87  0.227
103.16  0.215
104.45  0.209
105.73  0.198
107.02  0.187
108.31  0.173
109.60  0.161
110.89  0.148
112.18  0.134
113.46  0.121
114.75  0.110
116.04  0.100
117.33  0.090
118.62  0.083
119.90  0.075
121.19  0.068
122.48  0.062
123.77  0.056
125.06  0.050
126.35  0.044
127.63  0.041
128.92  0.036
130.21  0.031
131.50  0.026
132.79  0.022
134.08  0.019
135.36  0.016
136.65  0.016
137.94  0.013
139.23  0.010
140.52  0.008
141.80  0.006
143.09  0.004
144.38  0.002
145.67  0.003
146.96  0.004
148.25  0.005
149.53  0.005
150.82  0.006
152.11  0.007
153.40  0.006
154.69  0.006
155.97  0.006
157.26  0.006
158.55  0.006
159.84  0.007
161.13  0.006
162.42  0.005
163.70  0.006
164.99  0.006
166.28  0.005
167.57  0.006
168.86  0.005
170.15  0.004
171.43  0.004
172.72  0.003
174.01  0.003
175.30  0.003
176.59  0.003
177.87  0.003
179.16  0.002
180.45  0.003
181.74  0.002
183.03  0.002
184.32  0.003
185.60  0.004
186.89  0.004
188.18  0.001
189.47  0.001
190.76  0.002
192.04  0.002
193.33  0.002
194.62  0.002
195.91  0.002
197.20  0.002
198.49  0.002
199.77  0.002
