-198.28  0.004
-197.00  0.006
-195.71  0.007
-194.42  0.004
-193.13  0.005
-191.84  0.005
-190.55  0.008
-189.27  0.007
-187.98  0.004
-186.69  0.006
-185.40  0.005
-184.11  0.005
-182.83  0.006
-181.54  0.006
-180.25  0.006
-178.96  0.005
-177.67  0.004
-176.38  0.008
-175.10  0.006
-173.81  0.005
-172.52  0.007
-171.23  0.005
-169.94  0.005
-168.66  0.005
-167.37  0.005
-166.08  0.002
-164.79  0.002
-163.50  0.002
-162.21  0.000
-160.93  0.003
-159.64  0.003
-158.35  0.001
-157.06  0.002
-155.77  0.000
-154.48  0.001
-153.20  0.002
-151.91 -0.001
-150.62 -0.000
-149.33  0.003
-148.04  0.003
-146.76  0.007
-145.47  0.007
-144.18  0.009
-142.89  0.016
-141.60  0.015
-140.31  0.020
-139.03  0.025
-137.74  0.028
-136.45  0.034
-135.16  0.043
-133.87  0.053
-132.59  0.055
-131.30  0.064
-130.01  0.075
-128.72  0.090
-127.43  0.106
-126.14  0.118
-124.86  0.139
-123.57  0.153
-122.28  0.160
-120.99  0.168
-119.70  0.170
-118.41  0.165
-117.13  0.161
-115.84  0.156
-114.55  0.153
-113.26  0.158
-111.97  0.160
-110.69  0.161
-109.40  0.162
-108.11  0.161
-106.82  0.158
-105.53  0.162
-104.24  0.164
-102.96  0.160
-101.67  0.162
-100.38  0.162
-99.09  0.163
-97.80  0.165
-96.52  0.170
-95.23  0.169
-93.94  0.167
-92.65  0.161
-91.36  0.162
-90.07  0.162
-88.79  0.166
-87.50  0.169
-86.21  0.178
-84.92  0.186
-83.63  0.200
-82.34  0.216
-81.06  0.235
-79.77  0.259
-78.48  0.286
-77.19  0.320
-75.90  0.358
-74.62  0.405
-73.33  0.454
-72.04  0.515
-70.75  0.591
-69.46  0.673
-68.17  0.765
-66.89  0.852
-65.60  0.962
-64.31  1.098
-63.02  1.227
-61.73  1.388
-60.45  1.584
-59.16  1.801
-57.87  2.035
-56.58  2.295
-55.29  2.604
-54.00  2.966
-52.72  3.350
-51.43  3.748
-50.14  4.169
-48.85  4.616
-47.56  5.047
-46.27  5.422
-44.99  5.803
-43.70  6.231
-42.41  6.749
-41.12  7.392
-39.83  8.202
-38.55  9.186
-37.26 10.413
-35.97 11.837
-34.68 13.389
-33.39 15.019
-32.10 16.839
-30.82 18.912
-29.53 21.234
-28.24 23.643
-26.95 26.327
-25.66 29.194
-24.38 32.366
-23.09 35.920
-21.80 39.914
-20.51 43.992
-19.22 47.735
-17.93 50.834
-16.65 53.471
-15.36 55.854
-14.07 58.027
-12.78 60.076
-11.49 61.925
-10.20 63.202
 -8.92 63.952
 -7.63 64.416
 -6.34 64.393
 -5.05 63.929
 -3.76 62.976
 -2.48 61.610
 -1.19 60.014
  0.10 58.323
  1.39 56.750
  2.68 54.762
  3.97 52.111
  5.25 48.478
  6.54 42.790
  7.83 33.429
  9.12 22.778
 10.41 14.919
 11.69 10.103
 12.98  7.010
 14.27  4.977
 15.56  3.604
 16.85  2.666
 18.14  1.994
 19.42  1.502
 20.71  1.138
 22.00  0.862
 23.29  0.667
 24.58  0.518
 25.87  0.410
 27.15  0.323
 28.44  0.261
 29.73  0.214
 31.02  0.178
 32.31  0.147
 33.59  0.121
 34.88  0.097
 36.17  0.077
 37.46  0.063
 38.75  0.051
 40.04  0.046
 41.32  0.035
 42.61  0.030
 43.90  0.026
 45.19  0.023
 46.48  0.018
 47.76  0.013
 49.05  0.010
 50.34  0.008
 51.63  0.010
 52.92  0.009
 54.21  0.007
 55.49  0.005
 56.78  0.005
 58.07  0.004
 59.36  0.005
 60.65  0.004
 61.94  0.003
 63.22  0.001
 64.51  0.000
 65.80  0.001
 67.09  0.002
 68.38  0.004
 69.66  0.008
 70.95  0.007
 72.24  0.002
 73.53  0.002
 74.82  0.002
 76.11  0.002
 77.39  0.003
 78.68  0.002
 79.97  0.004
 81.26  0.002
 82.55  0.004
 83.83  0.004
 85.12  0.003
 86.41  0.005
 87.70  0.006
 88.99  0.005
 90.28  0.006
 91.56  0.007
 92.85  0.006
 94.14  0.009
 95.43  0.006
 96.72  0.005
 98.01  0.002
 99.29  0.003
100.58  0.004
101.87  0.005
103.16  0.005
104.45  0.002
105.73  0.001
107.02  0.000
108.31  0.003
109.60  0.003
110.89  0.006
112.18  0.003
113.46  0.001
114.75 -0.002
116.04 -0.002
117.33 -0.003
118.62 -0.003
119.90 -0.002
121.19 -0.002
122.48 -0.004
123.77 -0.002
125.06 -0.000
126.35  0.000
127.63 -0.001
128.92 -0.003
130.21 -0.002
131.50 -0.001
132.79 -0.001
134.08 -0.003
135.36 -0.003
136.65 -0.003
137.94 -0.001
139.23 -0.001
140.52 -0.002
141.80  0.001
143.09  0.000
144.38  0.001
145.67 -0.000
146.96  0.002
148.25  0.001
149.53  0.000
150.82  0.002
152.11  0.003
153.40  0.001
154.69  0.002
155.97  0.002
157.26  0.001
158.55  0.001
159.84  0.001
161.13 -0.001
162.42  0.001
163.70  0.003
164.99  0.001
166.28  0.001
167.57  0.002
168.86  0.003
170.15  0.004
171.43  0.004
172.72  0.003
174.01  0.002
175.30  0.002
176.59  0.004
177.87  0.005
179.16  0.004
180.45  0.001
181.74  0.003
183.03  0.005
184.32  0.004
185.60  0.005
186.89  0.006
188.18  0.005
189.47  0.003
190.76  0.004
192.04  0.003
193.33  0.005
194.62  0.003
195.91  0.001
197.20  0.002
198.49  0.003
199.77  0.002
