-198.28 -0.001
-197.00  0.001
-195.71  0.001
-194.42  0.003
-193.13  0.003
-191.84  0.003
-190.55  0.004
-189.27  0.002
-187.98  0.001
-186.69 -0.001
-185.40 -0.001
-184.11  0.001
-182.83  0.000
-181.54  0.001
-180.25  0.001
-178.96  0.001
-177.67  0.002
-176.38  0.003
-175.10  0.002
-173.81  0.003
-172.52  0.000
-171.23 -0.000
-169.94 -0.000
-168.66  0.001
-167.37  0.000
-166.08  0.000
-164.79  0.002
-163.50  0.002
-162.21  0.000
-160.93 -0.002
-159.64  0.000
-158.35  0.002
-157.06  0.001
-155.77  0.003
-154.48  0.004
-153.20  0.002
-151.91  0.003
-150.62  0.005
-149.33  0.003
-148.04  0.003
-146.76  0.003
-145.47  0.001
-144.18  0.001
-142.89  0.002
-141.60  0.001
-140.31  0.003
-139.03  0.002
-137.74  0.001
-136.45  0.002
-135.16  0.005
-133.87  0.003
-132.59  0.002
-131.30  0.002
-130.01  0.002
-128.72  0.002
-127.43  0.001
-126.14  0.002
-124.86  0.001
-123.57  0.001
-122.28 -0.002
-120.99  0.000
-119.70  0.000
-118.41  0.001
-117.13  0.003
-115.84  0.004
-114.55  0.005
-113.26  0.006
-111.97  0.007
-110.69  0.006
-109.40  0.004
-108.11  0.006
-106.82  0.007
-105.53  0.009
-104.24  0.008
-102.96  0.010
-101.67  0.012
-100.38  0.013
-99.09  0.014
-97.80  0.022
-96.52  0.024
-95.23  0.029
-93.94  0.034
-92.65  0.034
-91.36  0.036
-90.07  0.045
-88.79  0.048
-87.50  0.054
-86.21  0.065
-84.92  0.077
-83.63  0.091
-82.34  0.109
-81.06  0.127
-79.77  0.141
-78.48  0.164
-77.19  0.191
-75.90  0.223
-74.62  0.266
-73.33  0.319
-72.04  0.380
-70.75  0.457
-69.46  0.555
-68.17  0.683
-66.89  0.836
-65.60  1.037
-64.31  1.289
-63.02  1.601
-61.73  1.969
-60.45  2.400
-59.16  2.869
-57.87  3.350
-56.58  3.845
-55.29  4.357
-54.00  4.881
-52.72  5.387
-51.43  5.899
-50.14  6.451
-48.85  7.038
-47.56  7.658
-46.27  8.229
-44.99  8.787
-43.70  9.276
-42.41  9.748
-41.12 10.204
-39.83 10.669
-38.55 11.090
-37.26 11.470
-35.97 11.705
-34.68 11.812
-33.39 11.740
-32.10 11.488
-30.82 11.086
-29.53 10.605
-28.24 10.114
-26.95  9.672
-25.66  9.292
-24.38  9.015
-23.09  8.824
-21.80  8.678
-20.51  8.580
-19.22  8.513
-17.93  8.437
-16.65  8.368
-15.36  8.303
-14.07  8.239
-12.78  8.236
-11.49  8.292
-10.20  8.445
 -8.92  8.744
 -7.63  9.313
 -6.34 10.295
 -5.05 11.879
 -3.76 14.658
 -2.48 19.699
 -1.19 28.498
  0.10 39.696
  1.39 49.029
  2.68 53.013
  3.97 52.619
  5.25 49.831
  6.54 47.147
  7.83 46.025
  9.12 46.634
 10.41 47.848
 11.69 48.420
 12.98 48.221
 14.27 47.276
 15.56 45.947
 16.85 44.348
 18.14 42.525
 19.42 40.593
 20.71 38.602
 22.00 36.714
 23.29 35.087
 24.58 33.448
 25.87 31.648
 27.15 29.933
 28.44 28.419
 29.73 27.322
 31.02 26.600
 32.31 26.059
 33.59 25.480
 34.88 25.024
 36.17 24.744
 37.46 24.665
 38.75 24.725
 40.04 24.764
 41.32 24.762
 42.61 24.568
 43.90 24.180
 45.19 23.711
 46.48 23.291
 47.76 22.904
 49.05 22.460
 50.34 21.930
 51.63 21.371
 52.92 20.804
 54.21 20.293
 55.49 19.789
 56.78 19.321
 58.07 18.867
 59.36 18.405
 60.65 17.858
 61.94 17.251
 63.22 16.636
 64.51 16.023
 65.80 15.488
 67.09 15.104
 68.38 14.848
 69.66 14.693
 70.95 14.647
 72.24 14.684
 73.53 14.753
 74.82 14.754
 76.11 14.810
 77.39 14.834
 78.68 14.779
 79.97 14.696
 81.26 14.553
 82.55 14.443
 83.83 14.314
 85.12 14.173
 86.41 14.027
 87.70 13.919
 88.99 13.746
 90.28 13.575
 91.56 13.384
 92.85 13.173
 94.14 12.899
 95.43 12.588
 96.72 12.234
 98.01 11.844
 99.29 11.431
100.58 10.970
101.87 10.465
103.16  9.944
104.45  9.383
105.73  8.776
107.02  8.130
108.31  7.459
109.60  6.767
110.89  6.055
112.18  5.355
113.46  4.682
114.75  4.060
116.04  3.494
117.33  2.979
118.62  2.557
119.90  2.185
121.19  1.830
122.48  1.550
123.77  1.312
125.06  1.110
126.35  0.943
127.63  0.802
128.92  0.677
130.21  0.572
131.50  0.485
132.79  0.409
134.08  0.342
135.36  0.290
136.65  0.244
137.94  0.209
139.23  0.177
140.52  0.149
141.80  0.127
143.09  0.109
144.38  0.093
145.67  0.079
146.96  0.065
148.25  0.055
149.53  0.046
150.82  0.036
152.11  0.027
153.40  0.026
154.69  0.022
155.97  0.017
157.26  0.015
158.55  0.012
159.84  0.009
161.13  0.008
162.42  0.005
163.70  0.004
164.99  0.003
166.28  0.003
167.57  0.004
168.86  0.001
170.15  0.002
171.43  0.002
172.72 -0.001
174.01  0.001
175.30  0.001
176.59 -0.000
177.87 -0.001
179.16 -0.002
180.45  0.000
181.74 -0.000
183.03 -0.003
184.32 -0.001
185.60 -0.001
186.89 -0.001
188.18 -0.000
189.47 -0.000
190.76  0.001
192.04  0.001
193.33  0.002
194.62  0.002
195.91  0.000
197.20  0.001
198.49 -0.001
199.77 -0.003
