-198.28  0.010
-197.00  0.011
-195.71  0.009
-194.42  0.009
-193.13  0.006
-191.84  0.006
-190.55  0.005
-189.27  0.006
-187.98  0.007
-186.69  0.006
-185.40  0.005
-184.11  0.007
-182.83  0.007
-181.54  0.006
-180.25  0.008
-178.96  0.008
-177.67  0.008
-176.38  0.007
-175.10  0.007
-173.81  0.007
-172.52  0.006
-171.23  0.007
-169.94  0.007
-168.66  0.006
-167.37  0.006
-166.08  0.007
-164.79  0.008
-163.50  0.008
-162.21  0.007
-160.93  0.006
-159.64  0.007
-158.35  0.008
-157.06  0.008
-155.77  0.009
-154.48  0.008
-153.20  0.008
-151.91  0.011
-150.62  0.010
-149.33  0.011
-148.04  0.011
-146.76  0.011
-145.47  0.012
-144.18  0.012
-142.89  0.014
-141.60  0.012
-140.31  0.012
-139.03  0.013
-137.74  0.014
-136.45  0.015
-135.16  0.015
-133.87  0.015
-132.59  0.015
-131.30  0.016
-130.01  0.014
-128.72  0.015
-127.43  0.017
-126.14  0.020
-124.86  0.022
-123.57  0.022
-122.28  0.024
-120.99  0.025
-119.70  0.028
-118.41  0.029
-117.13  0.030
-115.84  0.033
-114.55  0.036
-113.26  0.037
-111.97  0.039
-110.69  0.041
-109.40  0.044
-108.11  0.047
-106.82  0.049
-105.53  0.053
-104.24  0.057
-102.96  0.060
-101.67  0.064
-100.38  0.070
-99.09  0.074
-97.80  0.079
-96.52  0.082
-95.23  0.088
-93.94  0.095
-92.65  0.100
-91.36  0.104
-90.07  0.110
-88.79  0.113
-87.50  0.119
-86.21  0.124
-84.92  0.130
-83.63  0.138
-82.34  0.145
-81.06  0.153
-79.77  0.162
-78.48  0.172
-77.19  0.184
-75.90  0.194
-74.62  0.204
-73.33  0.216
-72.04  0.227
-70.75  0.240
-69.46  0.255
-68.17  0.272
-66.89  0.288
-65.60  0.305
-64.31  0.327
-63.02  0.350
-61.73  0.374
-60.45  0.401
-59.16  0.431
-57.87  0.464
-56.58  0.507
-55.29  0.550
-54.00  0.602
-52.72  0.658
-51.43  0.726
-50.14  0.805
-48.85  0.900
-47.56  1.008
-46.27  1.138
-44.99  1.288
-43.70  1.463
-42.41  1.670
-41.12  1.899
-39.83  2.161
-38.55  2.451
-37.26  2.787
-35.97  3.168
-34.68  3.607
-33.39  4.117
-32.10  4.712
-30.82  5.423
-29.53  6.234
-28.24  7.176
-26.95  8.217
-25.66  9.355
-24.38 10.567
-23.09 11.833
-21.80 13.116
-20.51 14.319
-19.22 15.444
-17.93 16.461
-16.65 17.417
-15.36 18.340
-14.07 19.287
-12.78 20.230
-11.49 20.992
-10.20 21.574
 -8.92 22.282
 -7.63 23.430
 -6.34 24.940
 -5.05 26.679
 -3.76 28.967
 -2.48 32.443
 -1.19 37.785
  0.10 45.170
  1.39 53.786
  2.68 59.607
  3.97 60.256
  5.25 57.476
  6.54 54.927
  7.83 55.998
  9.12 58.218
 10.41 58.243
 11.69 56.770
 12.98 55.116
 14.27 53.303
 15.56 51.149
 16.85 48.654
 18.14 45.982
 19.42 43.441
 20.71 41.125
 22.00 38.901
 23.29 36.754
 24.58 34.563
 25.87 32.334
 27.15 30.074
 28.44 27.845
 29.73 25.699
 31.02 23.659
 32.31 21.890
 33.59 20.317
 34.88 18.882
 36.17 17.501
 37.46 16.213
 38.75 15.034
 40.04 13.972
 41.32 13.049
 42.61 12.198
 43.90 11.413
 45.19 10.654
 46.48  9.945
 47.76  9.294
 49.05  8.697
 50.34  8.155
 51.63  7.634
 52.92  7.147
 54.21  6.683
 55.49  6.252
 56.78  5.843
 58.07  5.455
 59.36  5.091
 60.65  4.744
 61.94  4.409
 63.22  4.070
 64.51  3.754
 65.80  3.466
 67.09  3.215
 68.38  2.990
 69.66  2.781
 70.95  2.589
 72.24  2.405
 73.53  2.243
 74.82  2.101
 76.11  1.986
 77.39  1.888
 78.68  1.808
 79.97  1.741
 81.26  1.688
 82.55  1.649
 83.83  1.616
 85.12  1.591
 86.41  1.570
 87.70  1.551
 88.99  1.532
 90.28  1.511
 91.56  1.491
 92.85  1.467
 94.14  1.437
 95.43  1.397
 96.72  1.350
 98.01  1.303
 99.29  1.262
100.58  1.219
101.87  1.181
103.16  1.149
104.45  1.128
105.73  1.119
107.02  1.127
108.31  1.150
109.60  1.182
110.89  1.224
112.18  1.264
113.46  1.302
114.75  1.336
116.04  1.369
117.33  1.396
118.62  1.419
119.90  1.434
121.19  1.438
122.48  1.436
123.77  1.426
125.06  1.412
126.35  1.393
127.63  1.370
128.92  1.343
130.21  1.318
131.50  1.297
132.79  1.279
134.08  1.261
135.36  1.247
136.65  1.229
137.94  1.213
139.23  1.192
140.52  1.174
141.80  1.152
143.09  1.134
144.38  1.119
145.67  1.104
146.96  1.092
148.25  1.076
149.53  1.056
150.82  1.035
152.11  1.011
153.40  0.982
154.69  0.953
155.97  0.929
157.26  0.907
158.55  0.886
159.84  0.866
161.13  0.843
162.42  0.816
163.70  0.789
164.99  0.759
166.28  0.731
167.57  0.703
168.86  0.679
170.15  0.660
171.43  0.643
172.72  0.632
174.01  0.621
175.30  0.607
176.59  0.594
177.87  0.583
179.16  0.570
180.45  0.557
181.74  0.539
183.03  0.519
184.32  0.497
185.60  0.472
186.89  0.446
188.18  0.422
189.47  0.396
190.76  0.372
192.04  0.349
193.33  0.327
194.62  0.304
195.91  0.283
197.20  0.263
198.49  0.246
199.77  0.232
