-198.28  0.000
-197.00  0.001
-195.71  0.001
-194.42  0.003
-193.13  0.003
-191.84  0.001
-190.55  0.002
-189.27  0.003
-187.98  0.003
-186.69  0.002
-185.40  0.000
-184.11  0.001
-182.83  0.001
-181.54  0.001
-180.25  0.003
-178.96  0.003
-177.67  0.004
-176.38  0.003
-175.10  0.002
-173.81  0.004
-172.52  0.006
-171.23  0.004
-169.94  0.004
-168.66  0.003
-167.37  0.002
-166.08  0.003
-164.79  0.002
-163.50  0.003
-162.21  0.004
-160.93  0.002
-159.64  0.003
-158.35  0.003
-157.06  0.004
-155.77  0.004
-154.48  0.003
-153.20  0.004
-151.91  0.003
-150.62  0.004
-149.33  0.003
-148.04  0.003
-146.76  0.003
-145.47  0.003
-144.18  0.003
-142.89  0.002
-141.60  0.002
-140.31  0.002
-139.03  0.002
-137.74  0.002
-136.45  0.001
-135.16  0.001
-133.87  0.001
-132.59  0.002
-131.30  0.000
-130.01 -0.002
-128.72 -0.003
-127.43 -0.003
-126.14 -0.003
-124.86 -0.001
-123.57 -0.000
-122.28 -0.001
-120.99 -0.001
-119.70 -0.001
-118.41 -0.001
-117.13 -0.001
-115.84 -0.001
-114.55 -0.000
-113.26 -0.001
-111.97 -0.000
-110.69  0.000
-109.40  0.000
-108.11 -0.000
-106.82  0.000
-105.53 -0.001
-104.24  0.001
-102.96 -0.001
-101.67  0.001
-100.38 -0.000
-99.09 -0.001
-97.80  0.000
-96.52 -0.001
-95.23 -0.000
-93.94 -0.001
-92.65  0.000
-91.36  0.000
-90.07 -0.001
-88.79 -0.001
-87.50 -0.001
-86.21 -0.001
-84.92 -0.002
-83.63 -0.002
-82.34 -0.002
-81.06 -0.002
-79.77 -0.003
-78.48 -0.003
-77.19 -0.001
-75.90 -0.002
-74.62 -0.002
-73.33 -0.000
-72.04  0.001
-70.75  0.003
-69.46  0.003
-68.17  0.004
-66.89  0.007
-65.60  0.007
-64.31  0.009
-63.02  0.010
-61.73  0.009
-60.45  0.009
-59.16  0.009
-57.87  0.010
-56.58  0.013
-55.29  0.013
-54.00  0.016
-52.72  0.017
-51.43  0.020
-50.14  0.021
-48.85  0.023
-47.56  0.025
-46.27  0.027
-44.99  0.028
-43.70  0.032
-42.41  0.035
-41.12  0.036
-39.83  0.041
-38.55  0.044
-37.26  0.045
-35.97  0.049
-34.68  0.054
-33.39  0.059
-32.10  0.069
-30.82  0.077
-29.53  0.087
-28.24  0.097
-26.95  0.107
-25.66  0.120
-24.38  0.135
-23.09  0.152
-21.80  0.174
-20.51  0.200
-19.22  0.232
-17.93  0.271
-16.65  0.320
-15.36  0.385
-14.07  0.471
-12.78  0.591
-11.49  0.759
-10.20  1.012
 -8.92  1.397
 -7.63  2.030
 -6.34  3.097
 -5.05  4.950
 -3.76  8.075
 -2.48 12.546
 -1.19 18.011
  0.10 23.246
  1.39 26.190
  2.68 26.047
  3.97 23.974
  5.25 20.916
  6.54 18.195
  7.83 17.565
  9.12 19.301
 10.41 22.635
 11.69 26.721
 12.98 31.261
 14.27 35.774
 15.56 40.122
 16.85 43.883
 18.14 46.575
 19.42 47.570
 20.71 46.757
 22.00 44.543
 23.29 41.481
 24.58 38.186
 25.87 35.196
 27.15 32.355
 28.44 29.392
 29.73 26.503
 31.02 23.951
 32.31 22.171
 33.59 21.325
 34.88 21.440
 36.17 22.406
 37.46 23.887
 38.75 25.366
 40.04 26.314
 41.32 26.435
 42.61 26.050
 43.90 25.671
 45.19 25.501
 46.48 25.610
 47.76 25.904
 49.05 26.206
 50.34 26.405
 51.63 26.556
 52.92 26.655
 54.21 26.677
 55.49 26.596
 56.78 26.392
 58.07 26.182
 59.36 26.098
 60.65 26.193
 61.94 26.499
 63.22 27.103
 64.51 27.907
 65.80 28.751
 67.09 29.463
 68.38 29.941
 69.66 29.905
 70.95 29.123
 72.24 27.667
 73.53 25.880
 74.82 23.904
 76.11 21.905
 77.39 19.950
 78.68 18.106
 79.97 16.389
 81.26 14.803
 82.55 13.343
 83.83 11.896
 85.12 10.470
 86.41  9.069
 87.70  7.754
 88.99  6.543
 90.28  5.503
 91.56  4.681
 92.85  4.033
 94.14  3.535
 95.43  3.129
 96.72  2.796
 98.01  2.514
 99.29  2.271
100.58  2.060
101.87  1.884
103.16  1.730
104.45  1.592
105.73  1.467
107.02  1.342
108.31  1.209
109.60  1.074
110.89  0.952
112.18  0.840
113.46  0.732
114.75  0.636
116.04  0.546
117.33  0.462
118.62  0.387
119.90  0.324
121.19  0.273
122.48  0.231
123.77  0.195
125.06  0.165
126.35  0.142
127.63  0.121
128.92  0.101
130.21  0.084
131.50  0.074
132.79  0.069
134.08  0.061
135.36  0.057
136.65  0.053
137.94  0.049
139.23  0.046
140.52  0.044
141.80  0.041
143.09  0.039
144.38  0.038
145.67  0.036
146.96  0.032
148.25  0.031
149.53  0.031
150.82  0.029
152.11  0.028
153.40  0.029
154.69  0.027
155.97  0.025
157.26  0.022
158.55  0.019
159.84  0.018
161.13  0.016
162.42  0.014
163.70  0.014
164.99  0.011
166.28  0.011
167.57  0.009
168.86  0.008
170.15  0.008
171.43  0.007
172.72  0.007
174.01  0.006
175.30  0.004
176.59  0.004
177.87  0.004
179.16  0.004
180.45  0.004
181.74  0.003
183.03  0.003
184.32  0.003
185.60  0.001
186.89  0.001
188.18  0.001
189.47  0.001
190.76  0.001
192.04 -0.000
193.33  0.000
194.62  0.001
195.91 -0.000
197.20  0.001
198.49  0.001
199.77 -0.001
