-198.28  0.004
-197.00  0.004
-195.71  0.006
-194.42  0.011
-193.13  0.009
-191.84  0.009
-190.55  0.011
-189.27  0.014
-187.98  0.018
-186.69  0.019
-185.40  0.021
-184.11  0.022
-182.83  0.022
-181.54  0.024
-180.25  0.029
-178.96  0.029
-177.67  0.033
-176.38  0.040
-175.10  0.043
-173.81  0.046
-172.52  0.048
-171.23  0.049
-169.94  0.057
-168.66  0.061
-167.37  0.065
-166.08  0.074
-164.79  0.081
-163.50  0.089
-162.21  0.103
-160.93  0.112
-159.64  0.117
-158.35  0.126
-157.06  0.142
-155.77  0.153
-154.48  0.169
-153.20  0.181
-151.91  0.206
-150.62  0.223
-149.33  0.250
-148.04  0.273
-146.76  0.297
-145.47  0.332
-144.18  0.374
-142.89  0.424
-141.60  0.484
-140.31  0.550
-139.03  0.621
-137.74  0.688
-136.45  0.765
-135.16  0.850
-133.87  0.951
-132.59  1.056
-131.30  1.155
-130.01  1.253
-128.72  1.467
-127.43  1.557
-126.14  1.661
-124.86  1.776
-123.57  1.989
-122.28  2.238
-120.99  2.498
-119.70  2.746
-118.41  2.970
-117.13  3.166
-115.84  3.386
-114.55  3.665
-113.26  4.011
-111.97  4.449
-110.69  5.014
-109.40  5.691
-108.11  6.389
-106.82  7.018
-105.53  7.654
-104.24  8.348
-102.96  9.174
-101.67 10.060
-100.38 10.683
-99.09 10.913
-97.80 10.834
-96.52 10.629
-95.23 10.372
-93.94  9.941
-92.65  9.383
-91.36  8.762
-90.07  8.197
-88.79  7.774
-87.50  7.602
-86.21  7.670
-84.92  7.941
-83.63  8.348
-82.34  8.899
-81.06  9.520
-79.77 10.279
-78.48 11.123
-77.19 12.084
-75.90 13.174
-74.62 14.428
-73.33 15.963
-72.04 17.704
-70.75 19.678
-69.46 21.716
-68.17 23.188
-66.89 24.560
-65.60 25.772
-64.31 27.391
-63.02 28.543
-61.73 29.222
-60.45 29.967
-59.16 30.868
-57.87 32.095
-56.58 33.568
-55.29 35.194
-54.00 36.912
-52.72 38.585
-51.43 40.093
-50.14 41.191
-48.85 41.752
-47.56 41.760
-46.27 41.020
-44.99 39.721
-43.70 38.063
-42.41 36.277
-41.12 34.510
-39.83 32.767
-38.55 30.908
-37.26 28.945
-35.97 26.984
-34.68 24.972
-33.39 22.969
-32.10 21.079
-30.82 19.429
-29.53 17.978
-28.24 16.887
-26.95 16.176
-25.66 15.988
-24.38 16.223
-23.09 16.821
-21.80 17.697
-20.51 18.931
-19.22 20.647
-17.93 23.039
-16.65 25.861
-15.36 29.101
-14.07 32.990
-12.78 37.385
-11.49 41.942
-10.20 46.177
 -8.92 49.732
 -7.63 52.397
 -6.34 54.266
 -5.05 55.694
 -3.76 56.831
 -2.48 57.939
 -1.19 58.830
  0.10 57.789
  1.39 53.368
  2.68 46.131
  3.97 37.435
  5.25 28.543
  6.54 20.919
  7.83 14.951
  9.12 10.596
 10.41  7.645
 11.69  5.622
 12.98  4.187
 14.27  3.133
 15.56  2.356
 16.85  1.787
 18.14  1.358
 19.42  1.037
 20.71  0.789
 22.00  0.606
 23.29  0.470
 24.58  0.369
 25.87  0.288
 27.15  0.230
 28.44  0.183
 29.73  0.145
 31.02  0.109
 32.31  0.082
 33.59  0.066
 34.88  0.048
 36.17  0.036
 37.46  0.031
 38.75  0.031
 40.04  0.031
 41.32  0.028
 42.61  0.021
 43.90  0.019
 45.19  0.008
 46.48  0.009
 47.76  0.004
 49.05 -0.002
 50.34 -0.001
 51.63 -0.004
 52.92 -0.003
 54.21 -0.004
 55.49 -0.003
 56.78 -0.007
 58.07 -0.006
 59.36 -0.008
 60.65 -0.005
 61.94 -0.009
 63.22 -0.008
 64.51 -0.009
 65.80 -0.009
 67.09 -0.008
 68.38 -0.007
 69.66 -0.006
 70.95 -0.007
 72.24 -0.007
 73.53 -0.006
 74.82 -0.006
 76.11 -0.003
 77.39 -0.003
 78.68 -0.001
 79.97 -0.001
 81.26  0.004
 82.55  0.004
 83.83 -0.002
 85.12  0.000
 86.41  0.003
 87.70  0.003
 88.99  0.008
 90.28  0.011
 91.56  0.007
 92.85  0.009
 94.14  0.009
 95.43  0.009
 96.72  0.007
 98.01  0.011
 99.29  0.010
100.58  0.008
101.87  0.007
103.16  0.009
104.45  0.004
105.73  0.003
107.02 -0.001
108.31  0.001
109.60  0.005
110.89  0.004
112.18  0.006
113.46  0.006
114.75  0.006
116.04  0.004
117.33  0.004
118.62  0.003
119.90  0.000
121.19 -0.002
122.48  0.000
123.77 -0.002
125.06 -0.000
126.35  0.001
127.63  0.002
128.92  0.002
130.21  0.002
131.50  0.001
132.79  0.001
134.08 -0.000
135.36 -0.000
136.65 -0.002
137.94 -0.002
139.23 -0.004
140.52 -0.000
141.80 -0.002
143.09 -0.003
144.38  0.001
145.67 -0.000
146.96 -0.001
148.25  0.001
149.53  0.002
150.82 -0.001
152.11 -0.002
153.40 -0.000
154.69  0.001
155.97  0.002
157.26  0.000
158.55  0.003
159.84  0.001
161.13  0.005
162.42  0.005
163.70  0.001
164.99 -0.003
166.28 -0.001
167.57  0.003
168.86  0.002
170.15  0.002
171.43  0.000
172.72  0.001
174.01  0.005
175.30  0.003
176.59  0.003
177.87 -0.000
179.16 -0.003
180.45 -0.001
181.74 -0.000
183.03 -0.002
184.32 -0.001
185.60 -0.001
186.89 -0.002
188.18 -0.002
189.47 -0.003
190.76 -0.000
192.04  0.002
193.33 -0.002
194.62 -0.003
195.91 -0.003
197.20 -0.005
198.49 -0.005
199.77 -0.006
